#total ContainerOverlap bonded nonbonded
2000 6358.22 0 8411.75 -2053.53
4000 6548.74 0 8410.39 -1861.65
6000 6858.89 0 8439.71 -1580.82
8000 6952.01 0 8483.74 -1531.73
10000 6734.94 0 8418.5 -1683.56
12000 6726.53 0 8447.31 -1720.78
14000 6671.09 0 8401.87 -1730.78
16000 6674.47 0 8389.32 -1714.85
18000 6724.14 0 8452.77 -1728.63
20000 6676.95 0 8415.9 -1738.95
22000 6718.29 0 8443.79 -1725.5
24000 6662.86 0 8433.25 -1770.39
26000 6757.88 0 8465.55 -1707.67
28000 6747.24 0 8458.4 -1711.16
30000 6669.98 0 8492.75 -1822.77
32000 6615.42 0 8498.97 -1883.55
34000 6562.97 0 8423.71 -1860.74
36000 6573.58 0 8532.14 -1958.55
38000 6609.66 0 8461.27 -1851.61
40000 6578.64 0 8501.28 -1922.64
42000 6539.96 0 8437.45 -1897.49
44000 6619.56 0 8497.52 -1877.95
46000 6595.59 0 8412.29 -1816.7
48000 6552.88 0 8444.93 -1892.05
50000 6575.93 0 8436.08 -1860.14
52000 6525.56 0 8456.49 -1930.93
54000 6531.83 0 8407.21 -1875.37
56000 6582.87 0 8439.59 -1856.72
58000 6578.49 0 8425.66 -1847.17
60000 6571.07 0 8450.13 -1879.06
62000 6513.22 0 8419.54 -1906.32
64000 6539.04 0 8448.63 -1909.59
66000 6522.91 0 8407.2 -1884.29
68000 6513.71 0 8399.29 -1885.58
70000 6471.71 0 8467.73 -1996.01
72000 6484.13 0 8463.16 -1979.03
74000 6494.78 0 8462.63 -1967.85
76000 6441.51 0 8440.69 -1999.18
78000 6459.13 0 8425.4 -1966.27
80000 6420.81 0 8467.41 -2046.6
82000 6461.74 0 8445.49 -1983.75
84000 6487.37 0 8429.45 -1942.07
86000 6424.07 0 8498.85 -2074.78
88000 6361.43 0 8468.24 -2106.81
90000 6402.56 0 8452.99 -2050.43
92000 6358.28 0 8447.98 -2089.7
94000 6434.46 0 8449.44 -2014.98
96000 6387.73 0 8405.74 -2018
98000 6392.62 0 8465.88 -2073.26
100000 6350.79 0 8414.18 -2063.38
102000 6393.51 0 8472.11 -2078.6
104000 6334.21 0 8375.77 -2041.57
106000 6304.13 0 8468.37 -2164.24
108000 6374.75 0 8474.4 -2099.66
110000 6319.95 0 8487.32 -2167.37
112000 6254.86 0 8452.72 -2197.86
114000 6281.42 0 8433.94 -2152.52
116000 6276.09 0 8434.07 -2157.98
118000 6308.33 0 8418.15 -2109.82
120000 6323.57 0 8448.83 -2125.26
122000 6273.95 0 8442.23 -2168.28
124000 6335.06 0 8459.77 -2124.71
126000 6277.1 0 8423.36 -2146.26
128000 6244.03 0 8460.54 -2216.5
130000 6321.3 0 8414.69 -2093.39
132000 6301.72 0 8420.47 -2118.75
134000 6249.79 0 8425.03 -2175.24
136000 6213.29 0 8414.92 -2201.63
138000 6328.31 0 8422.76 -2094.44
140000 6239.37 0 8422.97 -2183.6
142000 6207.35 0 8435.01 -2227.66
144000 6219.06 0 8429.62 -2210.56
146000 6296.93 0 8451.42 -2154.49
148000 6240.27 0 8417.16 -2176.89
150000 6249.76 0 8454.58 -2204.82
152000 6289.65 0 8516.7 -2227.05
154000 6166.12 0 8414.25 -2248.13
156000 6227.6 0 8452.83 -2225.23
158000 6328.72 0 8454.06 -2125.34
160000 6223.88 0 8456.92 -2233.04
162000 6257.85 0 8475.16 -2217.31
164000 6279.92 0 8472.31 -2192.39
166000 6177.58 0 8441.91 -2264.33
168000 6279.77 0 8519.39 -2239.62
170000 6303.4 0 8447.86 -2144.45
172000 6272.27 0 8444.07 -2171.8
174000 6238.59 0 8471.6 -2233.01
176000 6230.63 0 8426.97 -2196.34
178000 6223.24 0 8451.68 -2228.44
180000 6205.44 0 8426.18 -2220.73
182000 6200.96 0 8417.1 -2216.13
184000 6307.92 0 8448 -2140.08
186000 6253.92 0 8416.27 -2162.35
188000 6289.06 0 8487.45 -2198.39
190000 6246.22 0 8410.95 -2164.72
192000 6329.04 0 8410.38 -2081.35
194000 6233.49 0 8449.43 -2215.94
196000 6292.79 0 8452.52 -2159.73
198000 6233.03 0 8464.34 -2231.31
200000 6220 0 8487.48 -2267.48
202000 6301.37 0 8467.39 -2166.01
204000 6327 0 8394.35 -2067.35
206000 6289.28 0 8453.28 -2164
208000 6294.53 0 8453.43 -2158.9
210000 6167.52 0 8440.18 -2272.66
212000 6248.49 0 8486.59 -2238.1
214000 6220.49 0 8449.57 -2229.08
216000 6260.67 0 8463.32 -2202.64
218000 6296.29 0 8451 -2154.71
220000 6235.34 0 8394.95 -2159.61
222000 6278.9 0 8447.14 -2168.24
224000 6289.59 0 8429.11 -2139.52
226000 6263.66 0 8438.75 -2175.1
228000 6251.7 0 8501.72 -2250.02
230000 6298.43 0 8507.66 -2209.24
232000 6232.39 0 8444.54 -2212.15
234000 6211.31 0 8447.2 -2235.89
236000 6315.92 0 8473.4 -2157.48
238000 6250.05 0 8457.85 -2207.8
240000 6318.79 0 8456.31 -2137.53
242000 6226.8 0 8439.6 -2212.8
244000 6261.96 0 8433.69 -2171.74
246000 6265.07 0 8485.23 -2220.16
248000 6263.36 0 8469.61 -2206.26
250000 6281.34 0 8401.19 -2119.86
252000 6255.27 0 8415.87 -2160.59
254000 6280.63 0 8452.89 -2172.26
256000 6222.97 0 8411.25 -2188.28
258000 6253.42 0 8426.73 -2173.32
260000 6225.48 0 8472.21 -2246.74
262000 6222.72 0 8429.82 -2207.09
264000 6207.91 0 8402.38 -2194.48
266000 6289.32 0 8478.62 -2189.29
268000 6270.41 0 8428.45 -2158.04
270000 6291.32 0 8437.18 -2145.86
272000 6175.93 0 8482.92 -2306.99
274000 6280.76 0 8457.53 -2176.77
276000 6164.95 0 8450.81 -2285.86
278000 6214.25 0 8436.4 -2222.15
280000 6214.24 0 8432.59 -2218.36
282000 6224.49 0 8434.51 -2210.02
284000 6280.81 0 8445.03 -2164.22
286000 6294.32 0 8474.75 -2180.42
288000 6334.33 0 8460.74 -2126.41
290000 6311.37 0 8471.68 -2160.3
292000 6287.23 0 8474.23 -2187
294000 6317.07 0 8461.41 -2144.34
296000 6351.67 0 8467.2 -2115.53
298000 6256.58 0 8441.55 -2184.96
300000 6196.54 0 8401.59 -2205.05
302000 6245.69 0 8461.73 -2216.04
304000 6277.48 0 8433.1 -2155.61
306000 6273.12 0 8461.79 -2188.67
308000 6256 0 8465.76 -2209.77
310000 6249.11 0 8456.78 -2207.67
312000 6243.79 0 8438.51 -2194.73
314000 6287.33 0 8422.11 -2134.78
316000 6270.55 0 8455.96 -2185.41
318000 6202.82 0 8422.99 -2220.17
320000 6304.49 0 8456.41 -2151.93
322000 6221.54 0 8463.84 -2242.29
324000 6209.82 0 8453.46 -2243.64
326000 6285.37 0 8459.59 -2174.23
328000 6211.74 0 8437.71 -2225.97
330000 6274.82 0 8451.01 -2176.19
332000 6274.5 0 8466.46 -2191.96
334000 6248.74 0 8438.54 -2189.8
336000 6233.42 0 8438.38 -2204.96
338000 6235.7 0 8461.4 -2225.7
340000 6278.49 0 8448.18 -2169.7
342000 6294.21 0 8490.92 -2196.71
344000 6271.21 0 8468.21 -2197.01
346000 6255.53 0 8427.02 -2171.48
348000 6279.61 0 8481.21 -2201.6
350000 6305.56 0 8463.24 -2157.68
352000 6205.02 0 8415.2 -2210.19
354000 6191.83 0 8417.64 -2225.81
356000 6310.16 0 8477.18 -2167.02
358000 6260.06 0 8454.37 -2194.32
360000 6264.15 0 8429.99 -2165.84
362000 6219.66 0 8401.99 -2182.33
364000 6225.74 0 8447.9 -2222.16
366000 6225.23 0 8458.1 -2232.88
368000 6196.16 0 8396.23 -2200.07
370000 6288.32 0 8461.51 -2173.19
372000 6290.02 0 8415.42 -2125.4
374000 6280.25 0 8473.53 -2193.28
376000 6269.98 0 8450.67 -2180.69
378000 6284 0 8434.33 -2150.33
380000 6215.54 0 8373.41 -2157.87
382000 6330.78 0 8464.52 -2133.75
384000 6229.42 0 8416.26 -2186.84
386000 6251.71 0 8454.85 -2203.13
388000 6341.79 0 8416.36 -2074.57
390000 6243.98 0 8453.23 -2209.25
392000 6271.16 0 8410.37 -2139.21
394000 6257.73 0 8477.31 -2219.58
396000 6212.17 0 8474.6 -2262.43
398000 6251.53 0 8466.19 -2214.66
400000 6288.57 0 8423.75 -2135.18
