#total bonded nonbonded
1000 10163.8 12471 -2307.13
2000 10125.4 12469.3 -2343.92
3000 10064.5 12437.1 -2372.61
4000 10085.3 12450.8 -2365.46
5000 10043.8 12429.9 -2386.08
6000 9976.16 12411.4 -2435.27
7000 9997.65 12437.7 -2440.09
8000 9939.52 12426 -2486.5
9000 9878.33 12414.9 -2536.56
10000 9972.92 12447.3 -2474.36
11000 9922.19 12405.6 -2483.43
12000 9898.21 12403.4 -2505.22
13000 9892.56 12409.5 -2516.99
14000 9884.6 12408.1 -2523.5
15000 9910.38 12429.2 -2518.82
16000 9855.02 12390.5 -2535.47
17000 9909 12417.4 -2508.41
18000 9896.73 12408.5 -2511.8
19000 9905.54 12437.9 -2532.4
20000 9839.23 12396.5 -2557.31
21000 9889.48 12444.7 -2555.19
22000 9853.74 12413.4 -2559.64
23000 9872.37 12443.3 -2570.89
24000 9823.44 12430 -2606.55
25000 9861.48 12471.2 -2609.71
26000 9875.2 12437.3 -2562.12
27000 9881.3 12425.4 -2544.05
28000 9871.64 12430.2 -2558.58
29000 9824.56 12344.5 -2519.9
30000 9869.7 12424.3 -2554.6
31000 9810.86 12381.8 -2570.99
32000 9814.56 12412.1 -2597.52
33000 9896.29 12414.2 -2517.91
34000 9806.9 12395.3 -2588.42
35000 9786.43 12399.8 -2613.38
36000 9851.28 12442.2 -2590.91
37000 9841.74 12441.4 -2599.67
38000 9859.65 12423.8 -2564.13
39000 9879.75 12441.5 -2561.73
40000 9798.77 12438.2 -2639.43
41000 9783.16 12427.9 -2644.76
42000 9752.8 12406.7 -2653.88
43000 9714.92 12352.6 -2637.71
44000 9813.45 12388.5 -2575.01
45000 9780.2 12371.5 -2591.35
46000 9788.5 12393.3 -2604.8
47000 9800.82 12431.4 -2630.54
48000 9808.33 12375.7 -2567.35
49000 9806.06 12430.7 -2624.65
50000 9743.8 12393.5 -2649.71
51000 9858.3 12476.6 -2618.28
52000 9735.96 12385.2 -2649.26
53000 9731.04 12440.2 -2709.15
54000 9788.57 12430.2 -2641.61
55000 9801.38 12436.3 -2634.89
56000 9816.83 12471.6 -2654.79
57000 9851.08 12446.1 -2594.98
58000 9761.67 12415.5 -2653.82
59000 9822.56 12421.4 -2598.83
60000 9750.62 12376.4 -2625.75
61000 9796.39 12350 -2553.62
62000 9852.73 12415.6 -2562.85
63000 9745.74 12387.8 -2642.1
64000 9810.47 12390.6 -2580.16
65000 9789.6 12401.7 -2612.09
66000 9811.47 12401.9 -2590.4
67000 9776.64 12411.3 -2634.68
68000 9767.3 12359.6 -2592.28
69000 9831.33 12459.7 -2628.35
70000 9848.25 12426.7 -2578.46
71000 9822.46 12443.2 -2620.78
72000 9787.7 12420.9 -2633.18
73000 9783.13 12409.9 -2626.81
74000 9802.78 12448.4 -2645.63
75000 9783.81 12409.5 -2625.66
76000 9811.58 12407.9 -2596.34
77000 9763.42 12400.4 -2636.97
78000 9801.01 12396.3 -2595.3
79000 9820.05 12371.7 -2551.67
80000 9810.32 12408 -2597.68
81000 9753.28 12427.3 -2674.01
82000 9853.58 12408.8 -2555.21
83000 9863.78 12406.5 -2542.74
84000 9848.5 12409.1 -2560.6
85000 9853.9 12386.3 -2532.36
86000 9844.96 12409.3 -2564.34
87000 9897.81 12437.5 -2539.67
88000 9881.25 12396.3 -2515.01
89000 9832.13 12452.9 -2620.82
90000 9844.41 12392.1 -2547.69
91000 9850.6 12417 -2566.37
92000 9848.2 12409.7 -2561.51
93000 9895.72 12445.9 -2550.19
94000 9943.23 12514.2 -2571.01
95000 9895.59 12469.6 -2573.98
96000 9855.8 12472 -2616.17
97000 9828.55 12444.8 -2616.23
98000 9859.24 12424 -2564.74
99000 9829.78 12445.9 -2616.16
100000 9807.38 12405.7 -2598.36
101000 9794.68 12420.4 -2625.76
102000 9885.23 12441.6 -2556.34
103000 9877.27 12429.6 -2552.35
104000 9877.57 12366.3 -2488.71
105000 9919.14 12437.5 -2518.33
106000 9899.29 12402 -2502.69
107000 9859.12 12422.3 -2563.15
108000 9921.04 12485.9 -2564.88
109000 9848.73 12425.3 -2576.56
110000 9900.72 12466.9 -2566.16
111000 9839.06 12395.3 -2556.19
112000 9838.68 12407.4 -2568.67
113000 9852.29 12422 -2569.7
114000 9902.27 12448.9 -2546.59
115000 9849.43 12408.9 -2559.49
116000 9859.57 12427 -2567.38
117000 9815.21 12423.9 -2608.69
118000 9862.74 12431.2 -2568.5
119000 9881.64 12444.6 -2562.94
120000 9897.03 12420.9 -2523.84
121000 9846.77 12380.4 -2533.59
122000 9881.32 12467.1 -2585.74
123000 9819.27 12448.4 -2629.1
124000 9738.52 12386.8 -2648.28
125000 9827.22 12421.7 -2594.5
126000 9890.06 12452.1 -2562.03
127000 9911.21 12425.5 -2514.27
128000 9850.91 12449.3 -2598.36
129000 9835.7 12421.7 -2585.98
130000 9896.98 12425.3 -2528.34
131000 9896.98 12405.4 -2508.46
132000 9791.46 12392.2 -2600.76
133000 9807.55 12434.7 -2627.17
134000 9790.21 12436.5 -2646.25
135000 9758.45 12379 -2620.52
136000 9815.43 12418 -2602.54
137000 9771.72 12426.2 -2654.46
138000 9811.8 12411.2 -2599.44
139000 9779.2 12414.1 -2634.86
140000 9885.46 12415.7 -2530.24
141000 9820.77 12368.4 -2547.62
142000 9876.48 12396.1 -2519.59
143000 9831.1 12392.3 -2561.18
144000 9852.19 12401.9 -2549.68
145000 9830.36 12452.4 -2622.03
146000 9797.38 12403.3 -2605.94
147000 9812.69 12415.9 -2603.19
148000 9800.59 12380.6 -2580
149000 9845.72 12405.2 -2559.43
150000 9836.99 12378.3 -2541.3
151000 9864.95 12423.8 -2558.87
152000 9842.89 12406 -2563.14
153000 9892.88 12389 -2496.15
154000 9825.89 12400.2 -2574.31
155000 9866.1 12457.2 -2591.12
156000 9828.78 12428.9 -2600.12
157000 9814.52 12410 -2595.45
158000 9832.41 12415.2 -2582.81
159000 9836 12407.7 -2571.75
160000 9775.33 12446.6 -2671.25
161000 9798.94 12419.4 -2620.48
162000 9824.7 12431.7 -2607.04
163000 9800.83 12381.1 -2580.29
164000 9826.64 12400 -2573.4
165000 9816.87 12414.1 -2597.24
166000 9823.09 12410 -2586.95
167000 9902.17 12431.9 -2529.77
168000 9903.87 12433.6 -2529.77
169000 9791.66 12470.4 -2678.78
170000 9902.53 12410 -2507.5
171000 9814.42 12403.1 -2588.71
172000 9780.18 12404.8 -2624.65
173000 9803 12425.8 -2622.76
174000 9791.76 12398.7 -2606.94
175000 9764.15 12362.8 -2598.68
176000 9774.76 12407.6 -2632.87
177000 9815.21 12414 -2598.76
178000 9741.82 12411.7 -2669.86
179000 9821.35 12419.2 -2597.9
180000 9767.51 12402.9 -2635.39
181000 9751.84 12428.4 -2676.52
182000 9764.26 12444.5 -2680.23
183000 9861.04 12420.6 -2559.57
184000 9752.44 12405.5 -2653.11
185000 9838.1 12424.3 -2586.18
186000 9751.86 12365 -2613.18
187000 9792.28 12438.3 -2645.98
188000 9845.93 12395.2 -2549.25
189000 9810.37 12407.3 -2596.92
190000 9714.02 12354.4 -2640.41
191000 9799.91 12411.1 -2611.19
192000 9838.73 12451.5 -2612.72
193000 9854.71 12390.6 -2535.86
194000 9831.97 12456.7 -2624.68
195000 9810.12 12387.7 -2577.55
196000 9809.38 12409.2 -2599.78
197000 9834.36 12455.5 -2621.11
198000 9797.77 12390.2 -2592.42
199000 9835.54 12433.1 -2597.55
200000 9884.34 12444.8 -2560.44
