# z rho/M
-84.1105 0
-83.6105 0
-83.1105 0
-82.6105 0
-82.1105 0
-81.6105 0
-81.1105 0
-80.6105 0
-80.1105 0
-79.6105 0
-79.1105 0
-78.6105 0
-78.1105 0
-77.6105 0
-77.1105 0
-76.6105 0
-76.1105 0
-75.6105 0
-75.1105 0
-74.6105 0
-74.1105 0
-73.6105 0
-73.1105 0
-72.6105 0
-72.1105 0
-71.6105 0
-71.1105 0
-70.6105 0
-70.1105 0
-69.6105 0
-69.1105 0
-68.6105 0
-68.1105 0
-67.6105 0
-67.1105 0
-66.6105 0
-66.1105 0
-65.6105 0
-65.1105 0
-64.6105 0
-64.1105 0
-63.6105 0
-63.1105 0
-62.6105 0
-62.1105 0
-61.6105 0
-61.1105 0
-60.6105 0
-60.1105 0
-59.6105 0
-59.1105 0
-58.6105 0
-58.1105 0
-57.6105 0
-57.1105 0
-56.6105 0
-56.1105 0
-55.6105 0
-55.1105 0
-54.6105 0
-54.1105 0
-53.6105 0
-53.1105 0
-52.6105 0
-52.1105 0
-51.6105 0
-51.1105 0
-50.6105 0
-50.1105 0
-49.6105 0
-49.1105 0
-48.6105 0
-48.1105 0
-47.6105 0
-47.1105 0
-46.6105 0
-46.1105 0
-45.6105 0
-45.1105 0
-44.6105 0
-44.1105 0
-43.6105 0
-43.1105 0
-42.6105 0.000259917
-42.1105 0
-41.6105 0.000259917
-41.1105 0.000779751
-40.6105 0.000779751
-40.1105 0.00181942
-39.6105 0.00233925
-39.1105 0.00675785
-38.6105 0.00649793
-38.1105 0.0114364
-37.6105 0.0145554
-37.1105 0.0171545
-36.6105 0.0293706
-36.1105 0.0410669
-35.6105 0.056402
-35.1105 0.0761557
-34.6105 0.103707
-34.1105 0.141395
-33.6105 0.202995
-33.1105 0.254979
-32.6105 0.322037
-32.1105 0.383118
-31.6105 0.449397
-31.1105 0.523213
-30.6105 0.613924
-30.1105 0.699957
-29.6105 0.755319
-29.1105 0.826796
-28.6105 0.907891
-28.1105 0.986126
-27.6105 0.996782
-27.1105 1.04383
-26.6105 1.02329
-26.1105 1.00588
-25.6105 0.97183
-25.1105 0.932843
-24.6105 0.829136
-24.1105 0.756879
-23.6105 0.678124
-23.1105 0.617303
-22.6105 0.539068
-22.1105 0.50112
-21.6105 0.448097
-21.1105 0.401052
-20.6105 0.358166
-20.1105 0.311121
-19.6105 0.298905
-19.1105 0.269274
-18.6105 0.246142
-18.1105 0.242763
-17.6105 0.217291
-17.1105 0.201176
-16.6105 0.191039
-16.1105 0.171025
-15.6105 0.159329
-15.1105 0.159589
-14.6105 0.146593
-14.1105 0.138536
-13.6105 0.128919
-13.1105 0.130218
-12.6105 0.120861
-12.1105 0.118782
-11.6105 0.115663
-11.1105 0.104227
-10.6105 0.109425
-10.1105 0.0979888
-9.61053 0.108645
-9.11053 0.0977288
-8.61053 0.0969491
-8.11053 0.100328
-7.61053 0.0938301
-7.11053 0.101628
-6.61053 0.0969491
-6.11053 0.101628
-5.61053 0.0979888
-5.11053 0.0956495
-4.61053 0.0875921
-4.11053 0.0901912
-3.61053 0.087852
-3.11053 0.0907111
-2.61053 0.0920107
-2.11053 0.0862925
-1.61053 0.0870722
-1.11053 0.0920107
-0.610531 0.0899313
-0.110531 0.0925305
0.389469 0.0964293
0.889469 0.090971
1.38947 0.0865524
1.88947 0.0977288
2.38947 0.0979888
2.88947 0.0894115
3.38947 0.0920107
3.88947 0.100328
4.38947 0.0953896
4.88947 0.0992883
5.38947 0.0995483
5.88947 0.106566
6.38947 0.100848
6.88947 0.100328
7.38947 0.117483
7.88947 0.109945
8.38947 0.0959094
8.88947 0.103967
9.38947 0.115403
9.88947 0.109945
10.3895 0.108905
10.8895 0.119042
11.3895 0.119302
11.8895 0.117223
12.3895 0.130478
12.8895 0.128399
13.3895 0.127359
13.8895 0.136456
14.3895 0.146073
14.8895 0.150232
15.3895 0.165827
15.8895 0.180902
16.3895 0.179603
16.8895 0.205075
17.3895 0.204815
17.8895 0.21937
18.3895 0.244062
18.8895 0.268494
19.3895 0.278891
19.8895 0.3132
20.3895 0.352188
20.8895 0.401572
21.3895 0.461093
21.8895 0.510997
22.3895 0.590792
22.8895 0.656291
23.3895 0.75402
23.8895 0.840572
24.3895 0.951297
24.8895 0.984826
25.3895 1.0511
25.8895 1.08359
26.3895 1.10647
26.8895 1.10205
27.3895 1.05474
27.8895 1.00042
28.3895 0.948957
28.8895 0.858766
29.3895 0.782351
29.8895 0.686441
30.3895 0.620942
30.8895 0.506319
31.3895 0.430423
31.8895 0.359985
32.3895 0.284349
32.8895 0.225608
33.3895 0.168426
33.8895 0.12632
34.3895 0.0951297
34.8895 0.0616004
35.3895 0.0447057
35.8895 0.0337892
36.3895 0.0265115
36.8895 0.0181942
37.3895 0.0142954
37.8895 0.0101368
38.3895 0.00675785
38.8895 0.00363884
39.3895 0.00285909
39.8895 0.00129959
40.3895 0.00181942
40.8895 0.00103967
41.3895 0.00129959
41.8895 0.000519834
42.3895 0.000259917
42.8895 0.000259917
43.3895 0
43.8895 0
44.3895 0
44.8895 0
45.3895 0
45.8895 0
46.3895 0
46.8895 0
47.3895 0
47.8895 0
48.3895 0
48.8895 0
49.3895 0
49.8895 0
50.3895 0
50.8895 0
51.3895 0
51.8895 0
52.3895 0
52.8895 0
53.3895 0
53.8895 0
54.3895 0
54.8895 0
55.3895 0
55.8895 0
56.3895 0
56.8895 0
57.3895 0
57.8895 0
58.3895 0
58.8895 0
59.3895 0
59.8895 0
60.3895 0
60.8895 0
61.3895 0
61.8895 0
62.3895 0
62.8895 0
63.3895 0
63.8895 0
64.3895 0
64.8895 0
65.3895 0
65.8895 0
66.3895 0
66.8895 0
67.3895 0
67.8895 0
68.3895 0
68.8895 0
69.3895 0
69.8895 0
70.3895 0
70.8895 0
71.3895 0
71.8895 0
72.3895 0
72.8895 0
73.3895 0
73.8895 0
74.3895 0
74.8895 0
75.3895 0
75.8895 0
76.3895 0
76.8895 0
77.3895 0
77.8895 0
78.3895 0
78.8895 0
79.3895 0
79.8895 0
80.3895 0
80.8895 0
81.3895 0
81.8895 0
82.3895 0
82.8895 0
83.3895 0
83.8895 0
