100 84.6778 84.6778
200 84.611 84.6444
300 84.5571 84.6153
400 84.8418 84.6719
500 84.5469 84.6469
600 85.4605 84.7825
700 85.6232 84.9026
800 86.4167 85.0919
900 87.7823 85.3908
1000 87.6293 85.6147
1100 87.6446 85.7992
1200 87.1891 85.915
1300 87.3959 86.0289
1400 88.0231 86.1714
1500 87.7988 86.2799
1600 88.1237 86.3951
1700 87.3532 86.4515
1800 87.0189 86.483
1900 87.6754 86.5457
2000 87.5287 86.5949
2100 87.4476 86.6355
2200 87.7536 86.6863
2300 87.3926 86.717
2400 87.2906 86.7409
2500 87.7418 86.781
2600 87.951 86.826
2700 89.2866 86.9171
2800 88.0691 86.9582
2900 88.649 87.0166
3000 88.9139 87.0798
3100 90.031 87.175
3200 89.8038 87.2571
3300 90.1142 87.3437
3400 89.5824 87.4096
3500 89.734 87.476
3600 89.7003 87.5378
3700 89.7034 87.5963
3800 89.8078 87.6545
3900 90.3852 87.7245
4000 90.4025 87.7915
4100 90.6028 87.86
4200 90.6925 87.9275
4300 90.965 87.9981
4400 90.5707 88.0566
4500 90.5618 88.1123
4600 90.6981 88.1685
4700 90.5767 88.2197
4800 90.4496 88.2662
4900 90.1215 88.304
5000 89.7945 88.3338
5100 89.1113 88.3491
5200 89.9189 88.3793
5300 90.1737 88.4131
5400 89.9754 88.4421
5500 89.6243 88.4635
5600 89.6108 88.484
5700 89.783 88.5068
5800 90.7253 88.5451
5900 90.6153 88.5802
6000 91.0628 88.6215
6100 90.2304 88.6479
6200 91.1491 88.6883
6300 91.3591 88.7307
6400 90.8853 88.7643
6500 91.1441 88.8009
6600 91.561 88.8427
6700 91.6208 88.8842
6800 91.8826 88.9283
6900 91.7056 88.9686
7000 92.008 89.012
7100 92.4121 89.0599
7200 91.7131 89.0967
7300 92.2041 89.1393
7400 91.7972 89.1752
7500 92.0073 89.213
7600 91.6934 89.2456
7700 92.189 89.2838
7800 91.9552 89.3181
7900 91.6892 89.3481
8000 91.9186 89.3802
8100 92.6464 89.4205
8200 92.3658 89.4565
8300 92.1364 89.4887
8400 92.7299 89.5273
8500 93.2564 89.5712
8600 93.0213 89.6113
8700 92.3453 89.6427
8800 91.7734 89.667
8900 91.8222 89.6912
9000 91.9362 89.7161
9100 92.3484 89.745
9200 92.5066 89.7751
9300 92.3256 89.8025
9400 92.8379 89.8348
9500 92.9448 89.8675
9600 92.7617 89.8977
9700 92.9075 89.9287
9800 93.288 89.963
9900 93.4685 89.9984
10000 93.1407 90.0298
10100 93.2868 90.0621
10200 93.0023 90.0909
10300 93.508 90.1241
10400 92.8396 90.1502
10500 92.6448 90.1739
10600 92.8489 90.1992
10700 93.2986 90.2281
10800 93.816 90.2613
10900 93.4644 90.2907
11000 93.0461 90.3158
11100 92.9325 90.3394
11200 92.5394 90.359
11300 92.4477 90.3775
11400 92.2663 90.3941
11500 92.3693 90.4112
11600 92.5187 90.4294
11700 92.6922 90.4487
11800 92.3636 90.465
11900 92.6622 90.4834
12000 92.8864 90.5035
12100 93.0956 90.5249
12200 93.3131 90.5477
12300 93.0494 90.5681
12400 92.5055 90.5837
12500 93.1197 90.604
12600 92.8386 90.6217
12700 93.9633 90.648
12800 93.8077 90.6727
12900 93.7483 90.6966
13000 93.5169 90.7183
13100 94.178 90.7447
13200 93.9564 90.769
13300 94.3299 90.7958
13400 94.1809 90.821
13500 93.8623 90.8436
13600 93.898 90.866
13700 94.0452 90.8892
13800 93.7039 90.9096
13900 94.132 90.9328
14000 94.5127 90.9584
14100 94.4356 90.983
14200 93.8814 91.0034
14300 93.9606 91.0241
14400 94.33 91.0471
14500 94.464 91.0706
14600 94.144 91.0917
14700 94.1142 91.1123
14800 94.3938 91.1344
14900 94.0338 91.1539
15000 94.7399 91.1778
15100 95.1009 91.2038
15200 95.2252 91.2302
15300 95.9595 91.2611
15400 95.9153 91.2914
15500 95.4811 91.3184
15600 94.6027 91.3394
15700 94.4507 91.3593
15800 93.6883 91.374
15900 92.8451 91.3833
16000 93.9052 91.399
16100 94.5805 91.4188
16200 94.586 91.4383
16300 94.3251 91.456
16400 93.8024 91.4703
16500 94.111 91.4864
16600 94.596 91.5051
16700 94.5037 91.523
16800 93.4744 91.5347
16900 93.9456 91.5489
17000 94.2984 91.5651
17100 94.1677 91.5803
17200 94.0488 91.5947
17300 94.6293 91.6122
17400 94.6899 91.6299
17500 95.1368 91.6499
17600 94.45 91.6658
17700 94.9239 91.6843
17800 94.8489 91.702
17900 94.7821 91.7192
18000 94.8019 91.7364
18100 95.3406 91.7563
18200 94.4388 91.771
18300 94.6846 91.7869
18400 95.0852 91.8049
18500 95.4539 91.8246
18600 95.4687 91.8442
18700 95.4712 91.8636
18800 95.1209 91.8809
18900 95.2053 91.8985
19000 94.8452 91.914
19100 94.8991 91.9296
19200 94.6865 91.944
19300 94.4363 91.9569
19400 94.6235 91.9706
19500 94.493 91.9836
19600 93.6959 91.9923
19700 93.9186 92.0021
19800 94.204 92.0132
19900 94.1478 92.0239
20000 94.4378 92.036
20100 94.0988 92.0463
20200 94.5723 92.0588
20300 94.4656 92.0706
20400 94.264 92.0814
20500 94.3261 92.0923
20600 93.9214 92.1012
20700 93.7991 92.1094
20800 93.861 92.1178
20900 93.4876 92.1244
21000 93.9801 92.1332
21100 93.9434 92.1418
21200 93.6282 92.1488
21300 93.846 92.1568
21400 94.0043 92.1654
21500 94.4983 92.1763
21600 94.7296 92.1881
21700 94.5397 92.1989
21800 95.1183 92.2123
21900 95.6164 92.2279
22000 95.2779 92.2417
22100 95.1021 92.2547
22200 94.835 92.2663
22300 94.5294 92.2764
22400 93.9949 92.2841
22500 94.6695 92.2947
22600 94.8229 92.3059
22700 94.8013 92.3169
22800 94.6732 92.3272
22900 94.0567 92.3348
23000 93.9725 92.3419
23100 94.2689 92.3502
23200 93.9266 92.357
23300 93.4572 92.3618
23400 94.38 92.3704
23500 93.6226 92.3757
23600 93.6612 92.3812
23700 92.7033 92.3825
23800 93.2094 92.386
23900 93.8074 92.3919
24000 93.4147 92.3962
24100 93.9224 92.4025
24200 93.7087 92.4079
24300 93.5301 92.4126
24400 94.0667 92.4193
24500 94.3679 92.4273
24600 93.7265 92.4326
24700 93.4565 92.4367
24800 93.6609 92.4416
24900 93.6193 92.4464
25000 93.5156 92.4507
25100 93.6294 92.4554
25200 94.1953 92.4623
25300 93.2195 92.4652
25400 93.5175 92.4694
25500 93.776 92.4745
25600 93.72 92.4794
25700 94.0195 92.4854
25800 93.909 92.4909
25900 94.6218 92.4991
26000 94.626 92.5073
26100 93.746 92.512
26200 93.8306 92.5171
26300 93.9246 92.5224
26400 94.4094 92.5296
26500 94.6014 92.5374
26600 94.0151 92.543
26700 94.2888 92.5495
26800 94.2916 92.556
26900 94.0826 92.5617
27000 94.6646 92.5695
27100 94.04 92.5749
27200 93.3316 92.5777
27300 93.2709 92.5802
27400 93.2566 92.5827
27500 92.4561 92.5822
27600 92.5853 92.5822
27700 92.5353 92.5821
27800 93.027 92.5837
27900 93.4528 92.5868
28000 93.9125 92.5915
28100 93.5112 92.5948
28200 93.5615 92.5982
28300 93.8407 92.6026
28400 94.1862 92.6082
28500 94.9298 92.6163
28600 94.5781 92.6232
28700 94.6995 92.6304
28800 94.6861 92.6375
28900 94.473 92.6439
29000 94.6995 92.651
29100 94.6362 92.6578
29200 95.5831 92.6678
29300 95.5613 92.6777
29400 95.558 92.6875
29500 95.5271 92.6971
29600 95.3892 92.7062
29700 95.9927 92.7173
29800 95.7184 92.7274
29900 95.6182 92.737
30000 95.2846 92.7455
30100 94.5278 92.7514
30200 94.9675 92.7588
30300 95.2278 92.7669
30400 95.2321 92.775
30500 95.6753 92.7845
30600 95.552 92.7936
30700 95.6975 92.803
30800 95.245 92.811
30900 94.8403 92.8175
31000 95.8166 92.8272
31100 95.8654 92.837
31200 96.1725 92.8477
31300 95.7759 92.857
31400 95.7357 92.8662
31500 96.0825 92.8764
31600 95.069 92.8834
31700 94.5758 92.8887
31800 94.8649 92.8949
31900 93.9955 92.8984
32000 94.2232 92.9025
32100 93.8169 92.9053
32200 94.4282 92.9101
32300 94.5174 92.915
32400 95.3314 92.9225
32500 94.3131 92.9268
32600 95.1005 92.9335
32700 94.356 92.9378
32800 94.259 92.9418
32900 94.4185 92.9463
33000 94.6468 92.9515
33100 93.2594 92.9524
33200 93.877 92.9552
33300 93.3264 92.9563
33400 92.7697 92.9557
33500 93.0237 92.9559
33600 92.7988 92.9555
33700 93.1647 92.9561
33800 93.2325 92.9569
33900 92.917 92.9568
34000 92.9073 92.9567
34100 92.9322 92.9566
34200 93.15 92.9571
34300 93.3575 92.9583
34400 93.3008 92.9593
34500 92.7189 92.9586
34600 93.2052 92.9593
34700 92.948 92.9593
34800 92.7564 92.9587
34900 92.3892 92.9571
35000 93.0741 92.9574
35100 92.6699 92.9566
35200 92.4174 92.9551
35300 92.8511 92.9548
35400 92.6539 92.9539
35500 92.269 92.952
35600 91.8315 92.9488
35700 92.3978 92.9473
35800 92.9528 92.9473
35900 93.2969 92.9483
36000 92.9037 92.9482
36100 93.0729 92.9485
36200 93.0095 92.9487
36300 92.9932 92.9488
36400 93.2275 92.9496
36500 93.2756 92.9505
36600 93.2982 92.9514
36700 93.2192 92.9521
36800 93.273 92.953
36900 93.2306 92.9538
37000 93.1343 92.9543
37100 92.5075 92.953
37200 92.9748 92.9531
37300 92.4219 92.9517
37400 92.4951 92.9505
37500 92.4739 92.9492
37600 93.2116 92.9499
37700 92.794 92.9495
37800 92.6918 92.9488
37900 92.9716 92.9489
38000 93.3091 92.9498
38100 93.7151 92.9518
38200 93.1387 92.9523
38300 93.6501 92.9541
38400 93.8214 92.9564
38500 93.3359 92.9574
38600 93.4505 92.9586
38700 93.6188 92.9603
38800 94.0671 92.9632
38900 93.5104 92.9646
39000 93.336 92.9656
39100 93.0804 92.9659
39200 93.207 92.9665
39300 93.0162 92.9666
39400 92.7285 92.966
39500 92.5965 92.9651
39600 92.2421 92.9632
39700 92.1526 92.9612
39800 92.3245 92.9596
39900 91.9225 92.957
40000 91.5603 92.9535
40100 91.6749 92.9503
40200 91.2673 92.9461
40300 90.8831 92.941
40400 91.2345 92.9368
40500 91.4849 92.9332
40600 91.3812 92.9294
40700 91.5234 92.9259
40800 91.643 92.9228
40900 91.7677 92.9199
41000 91.4191 92.9163
41100 92.2754 92.9147
41200 92.1889 92.913
41300 92.3131 92.9115
41400 91.9202 92.9091
41500 92.5209 92.9082
41600 92.4182 92.907
41700 92.541 92.9061
41800 92.6248 92.9055
41900 92.6105 92.9048
42000 92.2669 92.9032
42100 92.5114 92.9023
42200 93.0798 92.9027
42300 93.3773 92.9038
42400 92.9511 92.904
42500 92.4494 92.9029
42600 92.2765 92.9014
42700 92.3442 92.9001
42800 91.2697 92.8963
42900 91.5631 92.8932
43000 91.7031 92.8904
43100 91.9263 92.8882
43200 91.3809 92.8847
43300 91.9801 92.8826
43400 92.0522 92.8807
43500 92.0826 92.8789
43600 92.0456 92.877
43700 92.1522 92.8753
43800 92.5081 92.8745
43900 91.9316 92.8723
44000 92.3248 92.8711
44100 92.1753 92.8695
44200 92.8021 92.8693
44300 93.139 92.8699
44400 93.1459 92.8706
44500 92.598 92.8699
44600 92.869 92.8699
44700 92.8376 92.8699
44800 92.1654 92.8683
44900 92.4837 92.8674
45000 92.1735 92.8659
45100 91.8218 92.8636
45200 90.9677 92.8594
45300 91.592 92.8566
45400 91.8346 92.8543
45500 91.3658 92.8511
45600 91.2116 92.8475
45700 91.6224 92.8448
45800 91.1589 92.8411
45900 91.0673 92.8373
46000 91.2396 92.8338
46100 90.9426 92.8297
46200 91.8 92.8274
46300 91.3708 92.8243
46400 91.2148 92.8208
46500 91.4004 92.8178
46600 91.5624 92.8151
46700 91.7019 92.8127
46800 91.2431 92.8093
46900 91.7856 92.8072
47000 91.6966 92.8048
47100 91.3637 92.8017
47200 91.8296 92.7997
47300 92.0011 92.798
47400 92.1914 92.7967
47500 92.064 92.7952
47600 92.586 92.7947
47700 93.3337 92.7959
47800 93.568 92.7975
47900 93.7373 92.7994
48000 93.1857 92.8002
48100 92.8576 92.8004
48200 92.9319 92.8006
48300 92.6265 92.8003
48400 92.5972 92.7999
48500 92.3447 92.7989
48600 92.1846 92.7977
48700 92.1472 92.7963
48800 92.8795 92.7965
48900 92.6006 92.7961
49000 92.8116 92.7961
49100 93.2136 92.797
49200 92.8273 92.797
49300 93.3524 92.7982
49400 92.7292 92.798
49500 93.2735 92.799
49600 93.2304 92.7998
49700 92.5941 92.7994
49800 92.8044 92.7994
49900 93.1437 92.8001
50000 93.2279 92.801
50100 93.2805 92.8019
50200 92.9046 92.8022
50300 92.581 92.8017
50400 93.0024 92.8021
50500 92.9319 92.8024
50600 91.8469 92.8005
50700 92.2878 92.7995
50800 91.6649 92.7972
50900 92.8589 92.7974
51000 92.1768 92.7961
51100 92.7899 92.7961
51200 92.5129 92.7956
51300 92.8484 92.7957
51400 92.45 92.795
51500 92.7027 92.7948
51600 92.0547 92.7934
51700 91.9621 92.7918
51800 92.3618 92.791
51900 92.1767 92.7898
52000 91.7665 92.7878
52100 91.7016 92.7857
52200 91.8846 92.784
52300 92.319 92.7831
52400 91.7966 92.7812
52500 91.7236 92.7792
52600 91.7245 92.7772
52700 91.6724 92.7751
52800 92.0252 92.7737
52900 91.9556 92.7721
53000 91.9969 92.7707
53100 92.0688 92.7694
53200 92.0385 92.768
53300 92.2671 92.767
53400 92.5218 92.7666
53500 92.6999 92.7665
53600 92.9258 92.7668
53700 92.3802 92.766
53800 92.9986 92.7665
53900 93.6923 92.7682
54000 93.5788 92.7697
54100 94.1538 92.7722
54200 93.9643 92.7744
54300 93.6028 92.776
54400 93.7998 92.7778
54500 93.6782 92.7795
54600 93.4545 92.7807
54700 94.2006 92.7833
54800 94.0832 92.7857
54900 93.163 92.7864
55000 93.2308 92.7872
55100 93.1225 92.7878
55200 92.7654 92.7878
55300 92.9764 92.7881
55400 93.4929 92.7894
55500 93.19 92.7901
55600 93.1376 92.7907
55700 93.3506 92.7917
55800 92.8335 92.7918
55900 92.9056 92.792
56000 92.6386 92.7917
56100 93.1948 92.7925
56200 92.2796 92.7915
56300 91.7805 92.7897
56400 91.9266 92.7882
56500 92.3044 92.7874
56600 92.7331 92.7873
56700 92.8059 92.7873
56800 92.8668 92.7874
56900 93.3107 92.7884
57000 93.2431 92.7892
57100 92.6513 92.7889
57200 93.117 92.7895
57300 93.023 92.7899
57400 93.0491 92.7903
57500 93.0312 92.7908
57600 93.3477 92.7917
57700 93.4361 92.7928
57800 92.7698 92.7928
57900 93.4102 92.7939
58000 93.2235 92.7946
58100 93.6366 92.7961
58200 92.9122 92.7963
58300 92.4185 92.7956
58400 92.1767 92.7946
58500 92.1858 92.7935
58600 92.3986 92.7928
58700 92.5646 92.7925
58800 92.4719 92.7919
58900 92.6146 92.7916
59000 92.9702 92.7919
59100 92.831 92.792
59200 92.3944 92.7913
59300 92.0059 92.79
59400 91.9682 92.7886
59500 92.0625 92.7874
59600 90.9551 92.7843
59700 91.4007 92.782
59800 91.6127 92.78
59900 90.9925 92.777
60000 91.0871 92.7742
60100 91.7442 92.7725
60200 91.6943 92.7707
60300 92.6704 92.7706
60400 92.2646 92.7697
60500 92.3713 92.7691
60600 92.4606 92.7686
60700 92.7741 92.7686
60800 92.6871 92.7684
60900 92.5023 92.768
61000 92.7513 92.768
61100 92.4583 92.7675
61200 92.5581 92.7671
61300 91.8466 92.7656
61400 92.721 92.7655
61500 92.7289 92.7655
61600 92.4214 92.7649
61700 92.1805 92.764
61800 93.0701 92.7645
61900 92.7102 92.7644
62000 93.2384 92.7651
62100 92.3371 92.7645
62200 91.8592 92.763
62300 92.7747 92.763
62400 93.4755 92.7642
62500 93.1852 92.7648
62600 92.7758 92.7649
62700 92.8338 92.765
62800 92.3779 92.7643
62900 92.2497 92.7635
63000 92.3622 92.7629
63100 91.6525 92.7611
63200 91.7032 92.7595
63300 91.6459 92.7577
63400 91.8583 92.7563
63500 92.5396 92.7559
63600 92.5418 92.7556
63700 92.6335 92.7554
63800 92.9689 92.7557
63900 92.6116 92.7555
64000 92.9235 92.7558
64100 92.4178 92.7553
64200 92.5946 92.755
64300 91.9973 92.7538
64400 92.1014 92.7528
64500 92.3751 92.7522
64600 92.936 92.7525
64700 92.2945 92.7518
64800 91.9304 92.7505
64900 91.8659 92.7492
65000 92.0681 92.7481
65100 92.547 92.7478
65200 92.8363 92.748
65300 92.3399 92.7473
65400 91.7708 92.7458
65500 92.4514 92.7454
65600 92.2829 92.7447
65700 93.0377 92.7451
65800 93.9709 92.747
65900 93.4495 92.7481
66000 93.4497 92.7491
66100 92.965 92.7494
66200 92.6862 92.7493
66300 92.5602 92.7491
66400 93.0524 92.7495
66500 92.6701 92.7494
66600 92.5613 92.7491
66700 91.8263 92.7477
66800 92.0166 92.7466
66900 92.7245 92.7466
67000 92.3645 92.746
67100 92.4355 92.7456
67200 92.6095 92.7454
67300 92.5495 92.7451
67400 92.3638 92.7445
67500 92.4925 92.7441
67600 91.6115 92.7425
67700 91.4154 92.7405
67800 91.334 92.7384
67900 91.984 92.7373
68000 91.9126 92.7361
68100 91.7557 92.7347
68200 91.9761 92.7336
68300 92.2558 92.7329
68400 92.5525 92.7326
68500 92.1807 92.7318
68600 92.0451 92.7308
68700 92.4393 92.7304
68800 91.491 92.7286
68900 92.1707 92.7277
69000 92.2498 92.7271
69100 92.4015 92.7266
69200 92.7491 92.7266
69300 92.1407 92.7258
69400 92.1327 92.7249
69500 92.0817 92.724
69600 91.8496 92.7227
69700 91.8956 92.7215
69800 92.0777 92.7206
69900 92.2125 92.7199
70000 92.3126 92.7193
70100 92.0399 92.7183
70200 91.7451 92.717
70300 91.8452 92.7157
70400 91.4138 92.7139
70500 91.5453 92.7122
70600 91.0545 92.7099
70700 91.1964 92.7077
70800 91.3146 92.7058
70900 92.1576 92.705
71000 91.5374 92.7033
71100 91.8142 92.7021
71200 91.8196 92.7009
71300 91.3309 92.6989
71400 91.0816 92.6967
71500 91.0355 92.6943
71600 92.0452 92.6934
71700 91.6485 92.692
71800 91.4812 92.6903
71900 91.2682 92.6883
72000 91.7386 92.687
72100 91.9264 92.6859
72200 92.4981 92.6857
72300 93.0402 92.6862
72400 92.0488 92.6853
72500 92.4773 92.685
72600 93.165 92.6857
72700 93.6681 92.687
72800 92.9406 92.6874
72900 93.1854 92.688
73000 92.8771 92.6883
73100 93.4638 92.6894
73200 93.5079 92.6905
73300 93.1495 92.6911
73400 93.4033 92.6921
73500 93.2244 92.6928
73600 93.1735 92.6935
73700 93.1666 92.6941
73800 92.4649 92.6938
73900 92.0291 92.6929
74000 91.7515 92.6916
74100 91.6425 92.6902
74200 91.6003 92.6887
74300 92.1048 92.6879
74400 92.2159 92.6873
74500 92.0367 92.6864
74600 92.7698 92.6866
74700 92.7943 92.6867
74800 92.3428 92.6862
74900 92.5488 92.6861
75000 92.9909 92.6865
75100 92.4964 92.6862
75200 92.91 92.6865
75300 93.2711 92.6873
75400 92.7205 92.6873
75500 93.0359 92.6878
75600 92.7352 92.6878
75700 92.4994 92.6876
75800 92.6566 92.6876
75900 92.3422 92.6871
76000 92.3379 92.6866
76100 92.0739 92.6858
76200 92.4099 92.6855
76300 91.939 92.6845
76400 92.7044 92.6845
76500 93.9327 92.6862
76600 93.3278 92.687
76700 93.575 92.6882
76800 93.3603 92.689
76900 93.0432 92.6895
77000 92.9629 92.6898
77100 92.9576 92.6902
77200 93.4119 92.6911
77300 93.3635 92.692
77400 93.7797 92.6934
77500 93.336 92.6942
77600 93.3263 92.695
77700 93.229 92.6957
77800 92.9352 92.696
77900 92.7393 92.6961
78000 92.5598 92.6959
78100 92.479 92.6956
78200 92.8809 92.6959
78300 92.0104 92.695
78400 92.9111 92.6953
78500 92.8584 92.6955
78600 93.2291 92.6962
78700 93.6147 92.6973
78800 93.2455 92.698
78900 92.9206 92.6983
79000 93.4958 92.6993
79100 93.7757 92.7007
79200 93.6162 92.7018
79300 93.5088 92.7029
79400 93.8246 92.7043
79500 94.4282 92.7064
79600 93.8032 92.7078
79700 94.1577 92.7096
79800 94.0335 92.7113
79900 93.4823 92.7123
80000 93.5138 92.7133
80100 93.8381 92.7147
80200 93.607 92.7158
80300 93.2352 92.7164
80400 92.7321 92.7164
80500 93.0673 92.7169
80600 92.2757 92.7163
80700 92.0121 92.7155
80800 92.4491 92.7151
80900 92.4712 92.7148
81000 93.0003 92.7152
81100 92.7875 92.7153
81200 92.5168 92.715
81300 92.7532 92.7151
81400 92.888 92.7153
81500 93.0725 92.7157
81600 93.7424 92.717
81700 93.6467 92.7181
81800 92.7054 92.7181
81900 92.8841 92.7183
82000 92.8988 92.7185
82100 93.3346 92.7193
82200 94.0882 92.7209
82300 93.4021 92.7218
82400 93.5255 92.7227
82500 93.2107 92.7233
82600 93.5102 92.7243
82700 93.7507 92.7255
82800 93.956 92.727
82900 94.7474 92.7295
83000 94.0058 92.731
83100 94.1417 92.7327
83200 93.7497 92.7339
83300 93.9304 92.7353
83400 93.8573 92.7367
83500 93.8718 92.738
83600 94.2687 92.7399
83700 94.4642 92.7419
83800 94.6013 92.7442
83900 94.4424 92.7462
84000 94.2801 92.748
84100 94.3359 92.7499
84200 94.1096 92.7515
84300 94.3762 92.7534
84400 94.885 92.756
84500 94.3524 92.7579
84600 93.9604 92.7593
84700 93.6917 92.7604
84800 94.322 92.7622
84900 93.6193 92.7632
85000 93.4793 92.7641
85100 93.1661 92.7645
85200 93.1672 92.765
85300 93.7569 92.7662
85400 94.4777 92.7682
85500 94.2584 92.7699
85600 93.8423 92.7712
85700 94.5979 92.7733
85800 94.7284 92.7756
85900 94.5162 92.7776
86000 94.3771 92.7795
86100 94.9275 92.782
86200 94.8111 92.7843
86300 94.6599 92.7865
86400 93.9665 92.7879
86500 94.404 92.7897
86600 93.9808 92.7911
86700 94.4925 92.7931
86800 95.5471 92.7962
86900 95.7371 92.7996
87000 96.0517 92.8034
87100 95.6065 92.8066
87200 96.1334 92.8104
87300 96.3714 92.8145
87400 97.366 92.8197
87500 98.1411 92.8258
87600 98.0786 92.8318
87700 98.3916 92.8381
87800 97.6272 92.8436
87900 97.9451 92.8494
88000 98.644 92.8559
88100 97.9557 92.8617
88200 97.4843 92.867
88300 97.4905 92.8722
88400 96.9442 92.8768
88500 96.4084 92.8808
88600 97.055 92.8855
88700 96.306 92.8894
88800 96.3984 92.8933
88900 95.5094 92.8963
89000 95.7261 92.8994
89100 95.6874 92.9026
89200 96.0433 92.9061
89300 96.1777 92.9098
89400 95.5989 92.9128
89500 95.1127 92.9152
89600 95.4867 92.9181
89700 95.3894 92.9209
89800 95.1244 92.9233
89900 95.8561 92.9266
90000 96.5359 92.9306
90100 95.9941 92.934
90200 96.1743 92.9376
90300 95.9072 92.9409
90400 95.9877 92.9442
90500 96.313 92.948
90600 95.6944 92.951
90700 95.6318 92.9539
90800 96.0828 92.9574
90900 96.0095 92.9607
91000 96.7208 92.9649
91100 97.3021 92.9696
91200 96.3434 92.9733
91300 96.7832 92.9775
91400 96.2441 92.9811
91500 96.8651 92.9853
91600 95.8589 92.9885
91700 95.8401 92.9916
91800 96.1654 92.995
91900 96.2161 92.9985
92000 96.2587 93.0021
92100 96.6906 93.0061
92200 96.824 93.0102
92300 96.4842 93.014
92400 96.8105 93.0181
92500 96.027 93.0214
92600 95.7554 93.0243
92700 96.5871 93.0281
92800 96.6324 93.032
92900 96.5667 93.0358
93000 96.9952 93.0401
93100 97.1191 93.0445
93200 97.15 93.0489
93300 97.3262 93.0535
93400 96.6653 93.0573
93500 97.4686 93.0621
93600 98.2857 93.0676
93700 97.7796 93.0727
93800 97.7304 93.0776
93900 97.8695 93.0827
94000 97.0221 93.0869
94100 97.2858 93.0914
94200 97.7505 93.0963
94300 97.5545 93.1011
94400 97.0651 93.1053
94500 96.5678 93.1089
94600 97.226 93.1133
94700 97.1382 93.1175
94800 96.705 93.1213
94900 96.7665 93.1251
95000 96.7445 93.129
95100 96.5876 93.1326
95200 95.9277 93.1355
95300 95.9718 93.1385
95400 96.0569 93.1416
95500 95.2806 93.1438
95600 94.8255 93.1456
95700 95.1414 93.1476
95800 94.9714 93.1496
95900 94.7604 93.1512
96000 94.8064 93.153
96100 94.6087 93.1545
96200 94.9643 93.1564
96300 94.8638 93.1581
96400 95.0851 93.1601
96500 95.0547 93.1621
96600 96.631 93.1657
96700 94.8662 93.1674
96800 94.921 93.1692
96900 95.0721 93.1712
97000 94.8567 93.1729
97100 95.1671 93.175
97200 94.7044 93.1766
97300 94.1085 93.1775
97400 94.1227 93.1785
97500 94.4017 93.1798
97600 93.0973 93.1797
97700 93.7233 93.1802
97800 93.8057 93.1809
97900 93.6232 93.1813
98000 94.3341 93.1825
98100 93.9966 93.1833
98200 95.0493 93.1852
98300 94.5652 93.1866
98400 94.794 93.1883
98500 93.926 93.189
98600 94.1837 93.19
98700 94.6626 93.1915
98800 94.655 93.193
98900 94.4267 93.1942
99000 94.3918 93.1955
99100 94.8239 93.1971
99200 94.0321 93.1979
99300 94.4552 93.1992
99400 94.0269 93.2
99500 93.6396 93.2005
99600 93.9546 93.2012
99700 93.581 93.2016
99800 93.8943 93.2023
99900 94.2215 93.2033
100000 94.0607 93.2042
100100 94.4952 93.2055
100200 94.6448 93.2069
100300 93.9445 93.2077
100400 93.3183 93.2078
100500 93.1711 93.2077
100600 93.4026 93.2079
100700 93.5212 93.2082
100800 94.3451 93.2094
100900 93.9921 93.2101
101000 94.0244 93.2109
101100 94.3017 93.212
101200 94.5933 93.2134
101300 94.3861 93.2145
101400 94.6142 93.2159
101500 94.9942 93.2177
101600 95.0084 93.2194
101700 95.0823 93.2213
101800 95.7671 93.2238
101900 95.976 93.2265
102000 96.0776 93.2293
102100 96.022 93.232
102200 96.3064 93.235
102300 96.2069 93.2379
102400 96.3465 93.2409
102500 95.1603 93.2428
102600 95.147 93.2447
102700 95.1825 93.2466
102800 95.7418 93.249
102900 96.0766 93.2517
103000 96.5081 93.2549
103100 96.0191 93.2576
103200 96.2292 93.2605
103300 96.3691 93.2635
103400 96.5912 93.2667
103500 96.976 93.2703
103600 96.9212 93.2738
103700 96.5919 93.277
103800 96.8794 93.2805
103900 96.3415 93.2834
104000 95.989 93.286
104100 96.2832 93.2889
104200 95.7128 93.2912
104300 95.3708 93.2932
104400 95.8614 93.2957
104500 95.5926 93.2979
104600 96.2128 93.3007
104700 96.4956 93.3037
104800 96.1302 93.3064
104900 96.9296 93.3099
105000 96.5827 93.313
105100 96.4721 93.316
105200 95.168 93.3177
105300 94.951 93.3193
105400 95.7285 93.3216
105500 95.3434 93.3235
105600 95.6765 93.3257
105700 95.5016 93.3278
105800 95.5803 93.3299
105900 95.8266 93.3323
106000 95.8207 93.3346
106100 96.6571 93.3378
106200 95.7255 93.34
106300 96.0104 93.3425
106400 95.7367 93.3448
106500 95.3589 93.3467
106600 95.5788 93.3487
106700 95.4498 93.3507
106800 95.3859 93.3526
106900 95.1544 93.3543
107000 94.819 93.3557
107100 95.7764 93.3579
107200 95.7253 93.3601
107300 96.1157 93.3627
107400 96.0145 93.3652
107500 96.342 93.368
107600 96.976 93.3713
107700 97.0387 93.3747
107800 97.2788 93.3783
107900 96.6578 93.3814
108000 96.555 93.3843
108100 96.6143 93.3873
108200 97.028 93.3907
108300 97.357 93.3943
108400 98.036 93.3986
108500 97.7165 93.4026
108600 96.9734 93.4059
108700 96.6375 93.4088
108800 96.5636 93.4117
108900 96.4745 93.4146
109000 95.9865 93.4169
109100 96.0267 93.4193
109200 96.281 93.4219
109300 96.8824 93.4251
109400 96.4652 93.4279
109500 96.7709 93.4309
109600 96.9554 93.4341
109700 96.6009 93.437
109800 96.5369 93.4399
109900 96.4552 93.4426
110000 96.4445 93.4453
110100 96.5996 93.4482
110200 96.5796 93.451
110300 96.0259 93.4534
110400 96.2338 93.4559
110500 95.4835 93.4577
110600 95.7374 93.4598
110700 96.4298 93.4625
110800 95.4023 93.4642
110900 95.7224 93.4663
111000 95.7066 93.4683
111100 95.2276 93.4699
111200 95.709 93.4719
111300 96.2021 93.4743
111400 96.5857 93.4771
111500 95.9703 93.4793
111600 96.4193 93.482
111700 95.9004 93.4841
111800 95.8115 93.4862
111900 96.3138 93.4888
112000 95.8462 93.4909
112100 95.9186 93.493
112200 95.6855 93.495
112300 96.1218 93.4973
112400 95.8869 93.4994
112500 95.4329 93.5012
112600 96.0459 93.5034
112700 96.2289 93.5058
112800 96.4459 93.5085
112900 95.9114 93.5106
113000 96.3264 93.5131
113100 96.8907 93.5161
113200 97.2177 93.5193
113300 96.5201 93.522
113400 96.9621 93.525
113500 96.4289 93.5276
113600 97.0851 93.5307
113700 96.8353 93.5336
113800 96.2472 93.536
113900 98.0426 93.5399
114000 97.3236 93.5433
114100 97.3287 93.5466
114200 96.278 93.549
114300 95.4922 93.5507
114400 95.5164 93.5524
114500 95.1309 93.5538
114600 95.2333 93.5552
114700 95.3194 93.5568
114800 94.7509 93.5578
114900 95.1665 93.5592
115000 95.0999 93.5606
115100 95.4948 93.5622
115200 95.7881 93.5642
115300 96.2119 93.5665
115400 95.8799 93.5685
115500 95.9529 93.5705
115600 96.1394 93.5728
115700 96.217 93.575
115800 95.8539 93.577
115900 96.3893 93.5794
116000 96.7168 93.5821
116100 96.5364 93.5847
116200 96.5338 93.5872
116300 96.9603 93.5901
116400 96.8478 93.5929
116500 96.401 93.5953
116600 96.6467 93.598
116700 96.1121 93.6001
116800 95.7785 93.602
116900 96.032 93.604
117000 95.4692 93.6056
117100 96.2056 93.6079
117200 95.6196 93.6096
117300 95.8617 93.6115
117400 95.2557 93.6129
117500 96.1147 93.615
117600 96.1725 93.6172
117700 96.1329 93.6193
117800 95.6129 93.621
117900 95.9643 93.623
118000 95.235 93.6244
118100 95.7746 93.6262
118200 95.3072 93.6276
118300 95.6828 93.6294
118400 95.699 93.6311
118500 96.1518 93.6332
118600 96.4585 93.6356
118700 95.5775 93.6373
118800 95.5658 93.6389
118900 95.5338 93.6405
119000 95.4677 93.642
119100 94.8927 93.6431
119200 94.75 93.644
119300 95.2484 93.6453
119400 94.9376 93.6464
119500 95.7479 93.6482
119600 95.3996 93.6496
119700 95.2101 93.6509
119800 95.9707 93.6529
119900 95.5792 93.6545
120000 95.9212 93.6564
120100 96.7297 93.6589
120200 96.7706 93.6615
120300 97.3889 93.6646
120400 96.7474 93.6672
120500 97.5092 93.6704
120600 97.2596 93.6733
120700 97.3083 93.6764
120800 96.853 93.679
120900 95.9764 93.6809
121000 96.0615 93.6829
121100 95.9765 93.6848
121200 97.1054 93.6876
121300 96.2877 93.6897
121400 96.5587 93.6921
121500 96.6162 93.6945
121600 96.5728 93.6969
121700 96.8666 93.6995
121800 97.2484 93.7024
121900 97.2616 93.7053
122000 96.439 93.7075
122100 96.5422 93.7099
122200 96.7544 93.7123
122300 96.148 93.7143
122400 96.489 93.7166
122500 96.6835 93.719
122600 95.6327 93.7206
122700 95.4161 93.722
122800 95.3458 93.7233
122900 94.9988 93.7243
123000 94.7254 93.7251
123100 94.9153 93.7261
123200 94.8679 93.727
123300 95.3689 93.7284
123400 94.9819 93.7294
123500 95.0837 93.7305
123600 94.3426 93.731
123700 94.8503 93.7319
123800 94.5952 93.7326
123900 94.154 93.7329
124000 95.0413 93.734
124100 94.3577 93.7345
124200 94.5769 93.7352
124300 93.6739 93.7351
124400 93.3819 93.7348
124500 93.6451 93.7347
124600 94.4321 93.7353
124700 94.6712 93.7361
124800 94.4656 93.7366
124900 94.6202 93.7374
125000 94.3105 93.7378
125100 94.1787 93.7382
125200 94.7674 93.739
125300 94.8623 93.7399
125400 95.2143 93.7411
125500 95.7795 93.7427
125600 95.8709 93.7444
125700 95.5642 93.7458
125800 95.4216 93.7472
125900 95.0659 93.7482
126000 95.2629 93.7494
126100 95.1382 93.7505
126200 95.4356 93.7518
126300 95.0369 93.7529
126400 95.9441 93.7546
126500 95.6498 93.7561
126600 96.2586 93.7581
126700 96.0388 93.7599
126800 96.264 93.7618
126900 96.6145 93.7641
127000 97.1236 93.7667
127100 97.2194 93.7695
127200 96.6756 93.7717
127300 96.4676 93.7739
127400 96.1491 93.7757
127500 95.7464 93.7773
127600 96.0527 93.779
127700 96.0246 93.7808
127800 95.4278 93.7821
127900 94.7563 93.7829
128000 95.1395 93.7839
128100 95.473 93.7852
128200 95.4497 93.7865
128300 95.7054 93.788
128400 95.6595 93.7895
128500 95.4115 93.7907
128600 95.2552 93.7919
128700 95.1219 93.7929
128800 94.9712 93.7938
128900 94.5748 93.7944
129000 94.6852 93.7951
129100 94.2735 93.7955
129200 94.5848 93.7961
129300 94.9613 93.797
129400 95.0502 93.798
129500 95.764 93.7995
129600 95.4304 93.8008
129700 94.8621 93.8016
129800 95.1794 93.8026
129900 94.983 93.8035
130000 94.8621 93.8044
130100 94.3007 93.8047
130200 94.7148 93.8054
130300 94.8401 93.8062
130400 94.8036 93.807
130500 95.1557 93.808
130600 94.5828 93.8086
130700 94.3392 93.809
130800 94.3147 93.8094
130900 93.7965 93.8094
131000 94.245 93.8097
131100 93.8474 93.8098
131200 93.7848 93.8098
131300 94.0297 93.8099
131400 94.4968 93.8104
131500 93.7076 93.8104
131600 93.8318 93.8104
131700 93.8874 93.8104
131800 93.6522 93.8103
131900 93.6725 93.8102
132000 93.7155 93.8101
132100 93.408 93.8098
132200 93.253 93.8094
132300 93.3806 93.8091
132400 92.6205 93.8082
132500 92.715 93.8074
132600 92.993 93.8068
132700 93.0005 93.8061
132800 93.4977 93.8059
132900 93.7194 93.8059
133000 93.3909 93.8055
133100 92.9273 93.8049
133200 92.798 93.8041
133300 92.799 93.8034
133400 92.928 93.8027
133500 93.5527 93.8025
133600 93.7879 93.8025
133700 94.2642 93.8029
133800 94.3631 93.8033
133900 94.114 93.8035
134000 94.7107 93.8042
134100 93.9779 93.8043
134200 94.0922 93.8045
134300 93.9939 93.8047
134400 93.8099 93.8047
134500 93.1776 93.8042
134600 93.3249 93.8039
134700 93.571 93.8037
134800 93.5248 93.8035
134900 93.412 93.8032
135000 93.6406 93.8031
135100 93.45 93.8028
135200 93.1684 93.8023
135300 93.2451 93.8019
135400 93.3081 93.8016
135500 93.3971 93.8013
135600 94.1622 93.8015
135700 93.3385 93.8012
135800 93.9806 93.8013
135900 94.2377 93.8016
136000 94.2424 93.802
136100 94.3597 93.8024
136200 93.9409 93.8025
136300 93.7098 93.8024
136400 93.2926 93.802
136500 93.9997 93.8022
136600 93.9411 93.8023
136700 93.4942 93.8021
136800 93.8113 93.8021
136900 93.0844 93.8015
137000 93.9579 93.8016
137100 94.0564 93.8018
137200 94.0678 93.802
137300 94.1806 93.8023
137400 93.5304 93.8021
137500 93.4303 93.8018
137600 93.93 93.8019
137700 93.5198 93.8017
137800 92.9174 93.8011
137900 93.5555 93.8009
138000 93.6088 93.8008
138100 93.5788 93.8006
138200 93.3084 93.8002
138300 93.6033 93.8001
138400 93.4429 93.7998
138500 94.1358 93.8001
138600 93.3702 93.7998
138700 93.4994 93.7996
138800 92.8435 93.7989
138900 93.3098 93.7985
139000 93.4865 93.7983
139100 93.9257 93.7984
139200 94.317 93.7988
139300 93.4867 93.7985
139400 93.8185 93.7986
139500 94.6915 93.7992
139600 93.63 93.7991
139700 94.1057 93.7993
139800 93.9634 93.7994
139900 93.7044 93.7993
140000 94.1623 93.7996
140100 94.4807 93.8001
140200 94.7126 93.8007
140300 94.372 93.8011
140400 94.7676 93.8018
140500 94.526 93.8023
140600 94.0731 93.8025
140700 93.9378 93.8026
140800 94.2508 93.803
140900 94.1939 93.8032
141000 94.2239 93.8035
141100 94.2637 93.8039
141200 94.7012 93.8045
141300 94.9028 93.8053
141400 94.7536 93.8059
141500 94.8058 93.8066
141600 95.0535 93.8075
141700 94.9998 93.8084
141800 95.2023 93.8094
141900 94.5427 93.8099
142000 94.2853 93.8102
142100 94.3223 93.8106
142200 95.0728 93.8115
142300 94.9636 93.8123
142400 95.4086 93.8134
142500 95.0305 93.8142
142600 95.0191 93.8151
142700 95.1757 93.816
142800 95.058 93.8169
142900 95.2774 93.8179
143000 95.5602 93.8191
143100 94.8505 93.8199
143200 94.8959 93.8206
143300 94.0182 93.8208
143400 93.5979 93.8206
143500 93.4252 93.8203
143600 94.3455 93.8207
143700 93.9126 93.8208
143800 92.7271 93.82
143900 92.7537 93.8193
144000 93.7469 93.8192
144100 93.6023 93.8191
144200 93.3999 93.8188
144300 93.6157 93.8186
144400 93.4268 93.8183
144500 93.9834 93.8185
144600 94.8746 93.8192
144700 94.4869 93.8197
144800 93.6487 93.8195
144900 93.3266 93.8192
145000 93.6031 93.819
145100 93.1128 93.8186
145200 93.1657 93.8181
145300 93.6447 93.818
145400 93.4769 93.8178
145500 93.7572 93.8177
145600 93.9561 93.8178
145700 94.7539 93.8185
145800 94.2321 93.8187
145900 94.2834 93.8191
146000 94.3205 93.8194
146100 94.2285 93.8197
146200 94.4999 93.8201
146300 94.2845 93.8205
146400 94.3031 93.8208
146500 93.9834 93.8209
146600 95.1195 93.8218
146700 95.2658 93.8228
146800 95.0175 93.8236
146900 95.4176 93.8247
147000 95.6245 93.8259
147100 94.8328 93.8266
147200 95.7488 93.8279
147300 94.9776 93.8287
147400 95.0695 93.8295
147500 95.1445 93.8304
147600 94.9955 93.8312
147700 94.8934 93.8319
147800 95.3013 93.8329
147900 94.9352 93.8336
148000 95.2219 93.8346
148100 95.6161 93.8358
148200 95.6583 93.837
148300 95.5865 93.8382
148400 95.239 93.8391
148500 95.1976 93.8401
148600 95.9913 93.8415
148700 96.655 93.8434
148800 96.1464 93.8449
148900 95.5331 93.8461
149000 96.5282 93.8479
149100 95.1911 93.8488
149200 95.0533 93.8496
149300 95.8976 93.851
149400 95.6314 93.8521
149500 96.4878 93.8539
149600 95.7101 93.8552
149700 95.9066 93.8565
149800 95.7134 93.8578
149900 96.0684 93.8592
150000 96.6793 93.8611
150100 96.6722 93.863
150200 96.3082 93.8646
150300 95.9028 93.866
150400 96.1169 93.8675
150500 96.4138 93.8692
150600 95.8886 93.8705
150700 95.8032 93.8718
150800 95.6521 93.873
150900 96.3998 93.8746
151000 96.1358 93.8761
151100 96.4525 93.8778
151200 96.8653 93.8798
151300 96.494 93.8815
151400 96.204 93.8831
151500 96.7178 93.885
151600 96.3726 93.8866
151700 96.7448 93.8885
151800 96.764 93.8904
151900 96.4857 93.8921
152000 96.2775 93.8937
152100 95.6516 93.8948
152200 95.4632 93.8958
152300 95.4619 93.8969
152400 96.0053 93.8982
152500 95.8327 93.8995
152600 96.1662 93.901
152700 96.2413 93.9025
152800 95.8344 93.9038
152900 96.2552 93.9053
153000 95.7752 93.9066
153100 96.0558 93.908
153200 95.5955 93.9091
153300 95.4614 93.9101
153400 95.2267 93.9109
153500 95.9633 93.9123
153600 95.5453 93.9133
153700 95.758 93.9145
153800 96.0459 93.9159
153900 95.6127 93.917
154000 95.9751 93.9184
154100 95.6186 93.9195
154200 95.3552 93.9204
154300 95.5635 93.9215
154400 95.1607 93.9223
154500 95.5645 93.9233
154600 95.0354 93.924
154700 94.5097 93.9244
154800 95.5126 93.9254
154900 96.0421 93.9268
155000 95.9493 93.9281
155100 96.1389 93.9295
155200 96.6798 93.9313
155300 96.3837 93.9329
155400 96.4212 93.9345
155500 95.7243 93.9356
155600 96.0566 93.937
155700 96.106 93.9384
155800 95.8513 93.9396
155900 95.3114 93.9405
156000 95.4101 93.9415
156100 95.3237 93.9423
156200 95.3883 93.9433
156300 95.2448 93.9441
156400 95.4846 93.9451
156500 95.0172 93.9458
156600 95.5248 93.9468
156700 94.7265 93.9473
156800 94.2978 93.9475
156900 94.1836 93.9476
157000 94.5084 93.948
157100 94.4365 93.9483
157200 94.3306 93.9486
157300 94.8272 93.9491
157400 95.1202 93.9499
157500 95.0668 93.9506
157600 95.15 93.9513
157700 95.1763 93.9521
157800 95.5244 93.9531
157900 95.7392 93.9542
158000 95.4375 93.9552
158100 95.9261 93.9564
158200 95.13 93.9572
158300 95.1443 93.9579
158400 95.4877 93.9589
158500 95.0265 93.9596
158600 94.9804 93.9602
158700 94.9644 93.9608
158800 94.6695 93.9613
158900 95.1708 93.962
159000 94.8716 93.9626
159100 94.3763 93.9629
159200 94.6584 93.9633
159300 94.597 93.9637
159400 94.6976 93.9642
159500 94.5033 93.9645
159600 94.6649 93.9649
159700 94.6271 93.9654
159800 94.6899 93.9658
159900 94.2594 93.966
160000 94.5554 93.9664
160100 94.3042 93.9666
160200 94.1111 93.9667
160300 93.8126 93.9666
160400 94.4084 93.9668
160500 94.8248 93.9674
160600 94.1881 93.9675
160700 94.5882 93.9679
160800 94.9431 93.9685
160900 94.8293 93.969
161000 95.0152 93.9697
161100 94.8545 93.9702
161200 94.4296 93.9705
161300 94.1966 93.9707
161400 94.2444 93.9708
161500 94.7114 93.9713
161600 94.8615 93.9718
161700 95.1829 93.9726
161800 95.5655 93.9736
161900 95.3316 93.9744
162000 95.3852 93.9753
162100 95.4537 93.9762
162200 95.6761 93.9772
162300 95.3647 93.9781
162400 95.0323 93.9788
162500 95.3901 93.9796
162600 95.0206 93.9803
162700 95.4364 93.9812
162800 95.3163 93.982
162900 95.2278 93.9827
163000 95.3539 93.9836
163100 95.1145 93.9843
163200 95.0466 93.9849
163300 94.6991 93.9854
163400 94.754 93.9858
163500 94.6378 93.9862
163600 94.4776 93.9865
163700 94.8817 93.9871
163800 95.0592 93.9877
163900 94.073 93.9878
164000 94.119 93.9879
164100 94.4064 93.9881
164200 93.9403 93.9881
164300 93.4508 93.9878
164400 92.8143 93.9871
164500 93.3382 93.9867
164600 93.4425 93.9863
164700 94.2172 93.9865
164800 94.0739 93.9865
164900 94.1602 93.9866
165000 93.834 93.9865
165100 94.9188 93.9871
165200 94.9621 93.9877
165300 95.4694 93.9886
165400 95.6755 93.9896
165500 95.6975 93.9906
165600 95.2415 93.9914
165700 94.3873 93.9916
165800 94.3569 93.9919
165900 94.9984 93.9925
166000 94.9598 93.993
166100 94.9366 93.9936
166200 94.9579 93.9942
166300 94.3825 93.9944
166400 94.41 93.9947
166500 93.4159 93.9943
166600 93.7703 93.9942
166700 93.696 93.994
166800 93.6704 93.9938
166900 94.0723 93.9939
167000 95.3531 93.9947
167100 94.8978 93.9952
167200 94.5588 93.9956
167300 95.5669 93.9965
167400 96.321 93.9979
167500 96.5784 93.9994
167600 96.4645 94.0009
167700 95.5184 94.0018
167800 95.4368 94.0027
167900 95.0626 94.0033
168000 94.9018 94.0038
168100 94.8308 94.0043
168200 94.7237 94.0047
168300 94.0865 94.0048
168400 93.9766 94.0048
168500 93.9797 94.0048
168600 93.9073 94.0047
168700 94.2228 94.0048
168800 93.375 94.0045
168900 93.4086 94.0041
169000 93.5649 94.0038
169100 93.5481 94.0036
169200 94.506 94.0039
169300 94.7799 94.0043
169400 94.6725 94.0047
169500 94.1402 94.0048
169600 93.7862 94.0047
169700 94.1304 94.0047
169800 94.7443 94.0052
169900 95.4192 94.006
170000 96.0881 94.0072
170100 94.9508 94.0078
170200 94.9974 94.0084
170300 94.9479 94.0089
170400 94.6446 94.0093
170500 95.1684 94.01
170600 94.3998 94.0102
170700 94.0634 94.0102
170800 94.2242 94.0104
170900 93.9595 94.0103
171000 94.2897 94.0105
171100 93.9238 94.0104
171200 93.8721 94.0104
171300 93.9374 94.0103
171400 93.8347 94.0102
171500 93.9258 94.0102
171600 93.3215 94.0098
171700 92.908 94.0091
171800 92.5522 94.0083
171900 92.9344 94.0077
172000 92.1747 94.0066
172100 92.3153 94.0056
172200 92.7159 94.0049
172300 92.4142 94.0039
172400 92.3947 94.003
172500 92.6612 94.0022
172600 92.4685 94.0013
172700 92.0332 94.0002
172800 92.2737 93.9992
172900 92.999 93.9986
173000 93.2285 93.9982
173100 93.4383 93.9979
173200 92.9474 93.9972
173300 92.3216 93.9963
173400 92.3073 93.9953
173500 91.5451 93.9939
173600 91.5909 93.9925
173700 92.1664 93.9915
173800 92.5947 93.9907
173900 92.34 93.9897
174000 92.5876 93.9889
174100 92.2248 93.9879
174200 92.1881 93.9869
174300 92.7584 93.9861
174400 92.6747 93.9854
174500 91.9718 93.9842
174600 92.8613 93.9836
174700 93.1621 93.9831
174800 92.3884 93.9822
174900 91.6078 93.9809
175000 91.4465 93.9794
175100 91.9667 93.9783
175200 91.9707 93.9771
175300 92.3401 93.9762
175400 92.4171 93.9753
175500 92.3449 93.9744
175600 92.0476 93.9733
175700 92.2925 93.9723
175800 92.7287 93.9716
175900 92.6419 93.9708
176000 91.8567 93.9696
176100 92.1267 93.9686
176200 92.8603 93.968
176300 92.8034 93.9673
176400 93.0962 93.9668
176500 92.5649 93.966
176600 92.4093 93.9651
176700 92.7982 93.9645
176800 93.7653 93.9644
176900 93.5551 93.9641
177000 93.6014 93.9639
177100 94.3382 93.9641
177200 94.1113 93.9642
177300 94.1693 93.9643
177400 93.2357 93.9639
177500 93.6938 93.9638
177600 93.2205 93.9634
177700 92.6931 93.9626
177800 92.312 93.9617
177900 92.4731 93.9609
178000 91.7478 93.9596
178100 92.2792 93.9587
178200 92.9048 93.9581
178300 92.7828 93.9574
178400 93.0237 93.9569
178500 93.1556 93.9565
178600 93.0819 93.956
178700 92.6059 93.9552
178800 93.1277 93.9548
178900 92.6126 93.954
179000 92.4698 93.9532
179100 92.2465 93.9522
179200 92.6302 93.9515
179300 92.9546 93.9509
179400 92.9555 93.9504
179500 93.8462 93.9503
179600 92.9565 93.9498
179700 92.6686 93.9491
179800 92.4049 93.9482
179900 92.6564 93.9475
180000 92.2329 93.9465
180100 92.3759 93.9457
180200 91.4773 93.9443
180300 92.1777 93.9433
180400 92.552 93.9425
180500 91.9844 93.9414
180600 92.192 93.9405
180700 92.0338 93.9394
180800 91.5416 93.9381
180900 91.3261 93.9367
181000 91.8069 93.9355
181100 92.1706 93.9345
181200 92.3015 93.9336
181300 92.2711 93.9327
181400 91.3117 93.9312
181500 90.734 93.9295
181600 91.2871 93.928
181700 91.532 93.9267
181800 91.9255 93.9256
181900 91.6092 93.9243
182000 91.7402 93.9231
182100 91.835 93.922
182200 92.2855 93.9211
182300 91.8997 93.92
182400 92.729 93.9193
182500 93.2702 93.919
182600 93.0429 93.9185
182700 93.5097 93.9183
182800 93.5235 93.918
182900 93.3486 93.9177
183000 93.4664 93.9175
183100 93.1295 93.9171
183200 92.9377 93.9165
183300 92.5846 93.9158
183400 92.6583 93.9151
183500 93.0044 93.9146
183600 93.5633 93.9144
183700 92.8908 93.9139
183800 92.5483 93.9131
183900 92.8009 93.9125
184000 92.9514 93.912
184100 93.3216 93.9117
184200 93.2175 93.9113
184300 92.7502 93.9107
184400 91.9748 93.9096
184500 92.7345 93.909
184600 93.1953 93.9086
184700 93.0461 93.9081
184800 92.9625 93.9076
184900 93.6114 93.9075
185000 93.2591 93.9071
185100 93.4251 93.9068
185200 93.0924 93.9064
185300 92.7587 93.9058
185400 92.9926 93.9053
185500 92.7828 93.9047
185600 92.9983 93.9042
185700 93.9788 93.9042
185800 92.5138 93.9035
185900 93.1694 93.9031
186000 93.7695 93.903
186100 93.7236 93.9029
186200 92.9362 93.9024
186300 93.4998 93.9022
186400 92.9872 93.9017
186500 92.4632 93.9009
186600 92.5528 93.9002
186700 92.8102 93.8996
186800 92.5726 93.8989
186900 92.4067 93.8981
187000 92.9952 93.8976
187100 93.4577 93.8974
187200 93.6655 93.8973
187300 93.7714 93.8972
187400 93.7216 93.8971
187500 94.1265 93.8972
187600 94.4073 93.8975
187700 94.7802 93.898
187800 94.479 93.8983
187900 94.177 93.8984
188000 94.5065 93.8988
188100 94.7054 93.8992
188200 94.6453 93.8996
188300 94.8866 93.9001
188400 94.9896 93.9007
188500 95.9691 93.9018
188600 94.79 93.9023
188700 95.2145 93.903
188800 94.4853 93.9033
188900 94.0045 93.9033
189000 93.4642 93.9031
189100 93.6629 93.903
189200 93.1648 93.9026
189300 92.9249 93.902
189400 93.5114 93.9018
189500 93.9622 93.9019
189600 93.6739 93.9018
189700 94.3994 93.902
189800 93.5481 93.9018
189900 93.7102 93.9017
190000 92.9707 93.9012
190100 92.6544 93.9006
190200 92.8457 93.9
190300 93.2182 93.8997
190400 92.7629 93.8991
190500 93.5134 93.8989
190600 93.2253 93.8985
190700 93.5821 93.8984
190800 93.9681 93.8984
190900 94.1669 93.8985
191000 94.1254 93.8986
191100 93.3858 93.8984
191200 93.2412 93.898
191300 94.0557 93.8981
191400 94.214 93.8983
191500 93.8569 93.8983
191600 93.9549 93.8983
191700 93.808 93.8982
191800 94.2596 93.8984
191900 94.3676 93.8987
192000 94.7356 93.8991
192100 94.471 93.8994
192200 94.8114 93.8999
192300 94.9584 93.9004
192400 95.1738 93.9011
192500 94.7306 93.9015
192600 95.1207 93.9022
192700 95.3723 93.9029
192800 95.3017 93.9036
192900 95.4562 93.9045
193000 95.816 93.9054
193100 94.7743 93.9059
193200 94.6371 93.9063
193300 94.8915 93.9068
193400 95.1042 93.9074
193500 95.7507 93.9084
193600 96.2489 93.9096
193700 95.7745 93.9105
193800 95.8991 93.9116
193900 95.7661 93.9125
194000 95.6957 93.9134
194100 95.2606 93.9141
194200 96.0088 93.9152
194300 95.5426 93.916
194400 95.8714 93.917
194500 95.04 93.9176
194600 95.986 93.9187
194700 96.0598 93.9198
194800 95.6994 93.9207
194900 95.2028 93.9214
195000 94.7241 93.9218
195100 94.5352 93.9221
195200 94.5553 93.9224
195300 94.6584 93.9228
195400 94.9681 93.9233
195500 94.8738 93.9238
195600 95.1356 93.9244
195700 94.8143 93.9249
195800 94.5093 93.9252
195900 94.7062 93.9256
196000 94.2998 93.9258
196100 94.6786 93.9262
196200 95.4632 93.9269
196300 95.8253 93.9279
196400 96.2582 93.9291
196500 96.1164 93.9302
196600 95.6038 93.9311
196700 95.7398 93.932
196800 94.9042 93.9325
196900 94.4189 93.9327
197000 94.6439 93.9331
197100 94.4058 93.9333
197200 94.7007 93.9337
197300 94.9459 93.9342
197400 94.5155 93.9345
197500 95.0288 93.9351
197600 95.2037 93.9357
197700 94.9144 93.9362
197800 95.3346 93.9369
197900 95.6615 93.9378
198000 95.309 93.9385
198100 96.0936 93.9396
198200 95.7904 93.9405
198300 95.7517 93.9414
198400 96.4314 93.9427
198500 97.0359 93.9442
198600 97.2252 93.9459
198700 97.1427 93.9475
198800 96.3408 93.9487
198900 96.3413 93.9499
199000 95.9726 93.9509
199100 95.2615 93.9516
199200 95.0192 93.9521
199300 94.0269 93.9521
199400 94.4593 93.9524
199500 94.3027 93.9526
199600 94.8874 93.953
199700 94.9597 93.9535
199800 95.8488 93.9545
199900 95.6143 93.9553
200000 95.5341 93.9561
