#total ContainerOverlap customexternal bonded nonbondedEM
5000 6487.53 0 2200 6977.15 -2689.62
10000 6108.3 0 1800 6979.48 -2671.18
15000 5941.87 0 1700 6948.07 -2706.2
20000 5761.33 0 1500 6947.77 -2686.44
25000 5741.2 0 1500 6970.71 -2729.51
30000 5718.73 0 1500 6962.24 -2743.51
35000 5726.82 0 1500 6994.65 -2767.83
40000 5762.11 0 1500 6992.52 -2730.4
45000 5530.81 0 1300 6939.17 -2708.36
50000 5566.18 0 1300 6994.95 -2728.77
55000 5432.6 0 1200 7021.54 -2788.93
60000 5262.25 0 1100 6968.38 -2806.13
65000 5167.05 0 1100 6931.07 -2864.02
70000 5237.9 0 1100 6982.5 -2844.61
75000 5053.06 0 900 6989.7 -2836.65
80000 4982.91 0 900 6941.33 -2858.42
85000 5008.92 0 800 7008.61 -2799.7
90000 4872.47 0 800 6958.04 -2885.56
95000 4885.47 0 800 6986.59 -2901.12
100000 4859.34 0 800 6977.63 -2918.3
105000 4536.27 0 500 6933.53 -2897.26
110000 4317.66 0 400 6959.98 -3042.32
115000 4374.94 0 400 6990 -3015.06
120000 4142.4 0 200 6980.13 -3037.73
125000 3967.26 0 100 6971.81 -3104.55
130000 3857.42 0 0 6963.09 -3105.66
135000 3860.85 0 0 6956.83 -3095.98
140000 3841.23 0 0 6968.68 -3127.45
145000 3865.25 0 0 6955.94 -3090.7
150000 3831.89 0 0 6946.46 -3114.57
155000 3817.81 0 0 6936.53 -3118.72
160000 3833.11 0 0 6970 -3136.88
165000 3756.64 0 0 6902.34 -3145.7
170000 3819.16 0 0 6926.08 -3106.92
175000 3829.24 0 0 6919.27 -3090.03
180000 3834.51 0 0 6949.6 -3115.09
185000 3806.55 0 0 6957.24 -3150.68
190000 3796.82 0 0 6927.01 -3130.19
195000 3832.92 0 0 6970.57 -3137.65
200000 3781.48 0 0 6912.7 -3131.22
205000 3843.37 0 0 6979.07 -3135.7
210000 3815.19 0 0 6971.6 -3156.41
215000 3797.23 0 0 6923.68 -3126.45
220000 3813.29 0 0 6928.44 -3115.15
225000 3814.12 0 0 6930.85 -3116.73
230000 3781.15 0 0 6913.41 -3132.27
235000 3831.25 0 0 6961.98 -3130.72
240000 3855.54 0 0 6981.86 -3126.32
245000 3762.99 0 0 6923.1 -3160.12
250000 3820.45 0 0 6955.95 -3135.5
255000 3774.49 0 0 6931.28 -3156.78
260000 3861.65 0 0 6998.82 -3137.17
265000 3820.02 0 0 6957.9 -3137.88
270000 3788.04 0 0 6945.72 -3157.68
275000 3778.47 0 0 6938.53 -3160.07
280000 3768.79 0 0 6936.58 -3167.78
285000 3780.76 0 0 6930.68 -3149.91
290000 3834.83 0 0 6979.16 -3144.33
295000 3796.04 0 0 6965.1 -3169.06
300000 3842.13 0 0 6960.08 -3117.94
305000 3748.53 0 0 6931.97 -3183.44
310000 3769.87 0 0 6934.67 -3164.8
315000 3779.29 0 0 6955.08 -3175.79
320000 3765.48 0 0 6930.45 -3164.98
325000 3729.26 0 0 6924.82 -3195.57
330000 3754.93 0 0 6922.32 -3167.38
335000 3754.67 0 0 6931.93 -3177.26
340000 3791.32 0 0 6927.64 -3136.32
345000 3762.34 0 0 6904.95 -3142.61
350000 3792.85 0 0 6937.21 -3144.35
355000 3865.65 0 0 6978.03 -3112.38
360000 3781.84 0 0 6930.64 -3148.81
365000 3794.68 0 0 6936.82 -3142.14
370000 3786.41 0 0 6919.84 -3133.43
375000 3838.94 0 0 6953.05 -3114.11
380000 3780.41 0 0 6926.58 -3146.17
385000 3867.39 0 0 6994.98 -3127.59
390000 3823.61 0 0 6949.21 -3125.6
395000 3811.4 0 0 6952.95 -3141.55
400000 3745.68 0 0 6896.44 -3150.76
405000 3760.53 0 0 6922.22 -3161.69
410000 3758.98 0 0 6906.9 -3147.93
415000 3828.47 0 0 6960.04 -3131.57
420000 3843.12 0 0 6955.31 -3112.19
425000 3830.25 0 0 6957.47 -3127.23
430000 3826.51 0 0 6957.09 -3130.58
435000 3843.75 0 0 6970.47 -3126.72
440000 3818.85 0 0 6914.61 -3095.76
445000 3800.81 0 0 6942.47 -3141.66
450000 3819.54 0 0 6950.05 -3130.5
455000 3821 0 0 6949.79 -3128.79
460000 3784.58 0 0 6940.85 -3156.27
465000 3787.14 0 0 6942.4 -3155.26
470000 3823.84 0 0 6961.12 -3137.28
475000 3801.55 0 0 6930.64 -3129.09
480000 3829.01 0 0 6962.19 -3133.18
485000 3785.99 0 0 6919.31 -3133.31
490000 3838.26 0 0 6949.15 -3110.89
495000 3763.71 0 0 6935.3 -3171.59
500000 3845.48 0 0 6969.94 -3124.47
505000 3810.16 0 0 6945.48 -3135.32
510000 3785.39 0 0 6953.37 -3167.99
515000 3782.65 0 0 6931.01 -3148.36
520000 3805.86 0 0 6956.85 -3150.98
525000 3772.09 0 0 6939.86 -3167.76
530000 3739.64 0 0 6933.25 -3193.61
535000 3774.84 0 0 6928.7 -3153.86
540000 3774.89 0 0 6959.4 -3184.5
545000 3741.69 0 0 6931.9 -3190.21
550000 3758.15 0 0 6942.5 -3184.35
555000 3781.09 0 0 6943.53 -3162.44
560000 3739.97 0 0 6932.96 -3192.99
565000 3737.4 0 0 6906.04 -3168.64
570000 3765.1 0 0 6953.84 -3188.75
575000 3721.49 0 0 6928.81 -3207.31
580000 3737.86 0 0 6912.32 -3174.47
585000 3761.61 0 0 6943.89 -3182.28
590000 3753.4 0 0 6923.95 -3170.55
595000 3750.93 0 0 6927.14 -3176.21
600000 3732.72 0 0 6919.35 -3186.63
605000 3735.87 0 0 6939.24 -3203.37
610000 3794.54 0 0 6971.87 -3177.33
615000 3731.79 0 0 6915.33 -3183.54
620000 3711.43 0 0 6912.57 -3201.14
625000 3750.79 0 0 6946.34 -3195.54
630000 3713.4 0 0 6923.69 -3210.29
635000 3798.08 0 0 6928.04 -3129.97
640000 3725.52 0 0 6941.52 -3216
645000 3693.5 0 0 6924.68 -3231.18
650000 3694.8 0 0 6910.65 -3215.84
655000 3726.19 0 0 6929.23 -3203.03
660000 3743.48 0 0 6933.48 -3190
665000 3754.01 0 0 6932.45 -3178.44
670000 3788.78 0 0 6972.66 -3183.88
675000 3726.8 0 0 6936.87 -3210.07
680000 3757.8 0 0 6972.43 -3214.63
685000 3787.27 0 0 6982.44 -3195.16
690000 3747.85 0 0 6932.39 -3184.54
695000 3766.87 0 0 6953.74 -3186.87
700000 3793.78 0 0 6958.41 -3164.63
705000 3820.2 0 0 6985.34 -3165.14
710000 3806.13 0 0 6955.69 -3149.56
715000 3698.86 0 0 6904.35 -3205.5
720000 3750.04 0 0 6944.08 -3194.04
725000 3716.31 0 0 6937.93 -3221.63
730000 3755 0 0 6919.61 -3164.62
735000 3759.93 0 0 6932.49 -3172.55
740000 3714.83 0 0 6946.19 -3231.36
745000 3729.67 0 0 6937.84 -3208.17
750000 3729.5 0 0 6946.24 -3216.74
755000 3701.18 0 0 6915.69 -3214.51
760000 3731.5 0 0 6946.67 -3215.17
765000 3749.98 0 0 6932.71 -3182.73
770000 3716.37 0 0 6926.76 -3210.39
775000 3695.4 0 0 6908.43 -3213.03
780000 3767.24 0 0 6972.03 -3204.8
785000 3726.62 0 0 6919.01 -3192.39
790000 3766.12 0 0 6942.92 -3176.81
795000 3761.89 0 0 6923.26 -3161.37
800000 3763.45 0 0 6933.78 -3170.34
805000 3782.3 0 0 6943.27 -3160.97
810000 3720.53 0 0 6939.31 -3218.78
815000 3708.7 0 0 6931.78 -3223.08
820000 3782.34 0 0 6960.97 -3178.62
825000 3760.5 0 0 6946.21 -3185.71
830000 3731 0 0 6944.95 -3213.95
835000 3773.93 0 0 6956.39 -3182.46
840000 3762.6 0 0 6934.93 -3172.34
845000 3741.43 0 0 6904.69 -3163.26
850000 3754.08 0 0 6949.59 -3195.51
855000 3796.64 0 0 6938.96 -3142.32
860000 3720.5 0 0 6922.78 -3202.29
865000 3722.81 0 0 6946.91 -3224.1
870000 3762.89 0 0 6967.05 -3204.16
875000 3762.48 0 0 6924.84 -3162.36
880000 3841.07 0 0 6971.92 -3130.86
885000 3739.87 0 0 6922.58 -3182.71
890000 3781.52 0 0 6949.55 -3168.03
895000 3775.7 0 0 6963.06 -3187.36
900000 3719.63 0 0 6920.74 -3201.11
905000 3761.66 0 0 6954.27 -3192.62
910000 3754.26 0 0 6953.79 -3199.53
915000 3767.92 0 0 6949.61 -3181.7
920000 3763.75 0 0 6945.48 -3181.73
925000 3742.68 0 0 6917.45 -3174.76
930000 3735.25 0 0 6920.76 -3185.51
935000 3732.02 0 0 6944.51 -3212.49
940000 3770.99 0 0 6958.43 -3187.45
945000 3839.38 0 0 6968.9 -3129.52
950000 3746.78 0 0 6939.02 -3192.25
955000 3740.52 0 0 6917.37 -3176.85
960000 3766.19 0 0 6945.97 -3179.78
965000 3752.45 0 0 6944.58 -3192.12
970000 3722.43 0 0 6922.76 -3200.33
975000 3741.45 0 0 6943.64 -3202.2
980000 3731.37 0 0 6942.3 -3210.93
985000 3740.23 0 0 6922.34 -3182.11
990000 3735.15 0 0 6943.16 -3208.01
995000 3680.79 0 0 6901.22 -3220.43
1000000 3745.77 0 0 6943.88 -3198.11
