#total ContainerOverlap customexternal bonded nonbonded
2000 5264.64 0 0 8300.37 -3035.73
4000 5229.9 0 0 8274.36 -3044.46
6000 5183.65 0 0 8269.93 -3086.28
8000 5126.4 0 0 8267.53 -3141.14
10000 5144.75 0 0 8259.46 -3114.7
12000 5162.08 0 0 8298.33 -3136.25
14000 5164.52 0 0 8263.82 -3099.3
16000 5128.71 0 0 8285.02 -3156.31
18000 5164.39 0 0 8248.46 -3084.07
20000 5099.31 0 0 8274.24 -3174.93
22000 5160.51 0 0 8239.39 -3078.88
24000 5120.97 0 0 8251.26 -3130.29
26000 5122.26 0 0 8299.68 -3177.42
28000 5155.45 0 0 8230.14 -3074.69
30000 5133.73 0 0 8260.27 -3126.54
32000 5164.94 0 0 8263.21 -3098.27
34000 5146.17 0 0 8301.27 -3155.1
36000 5101.07 0 0 8260.15 -3159.09
38000 5184.94 0 0 8245.62 -3060.68
40000 5118.7 0 0 8269.22 -3150.52
42000 5167.11 0 0 8265.75 -3098.65
44000 5100.01 0 0 8242.85 -3142.84
46000 5200.63 0 0 8298.1 -3097.47
48000 5218.07 0 0 8286.6 -3068.53
50000 5223.47 0 0 8220.99 -2997.52
52000 5150.07 0 0 8244 -3093.93
54000 5133.5 0 0 8230.3 -3096.8
56000 5142.06 0 0 8252.23 -3110.16
58000 5230.23 0 0 8283.11 -3052.89
60000 5268.24 0 0 8360.53 -3092.29
62000 5081.97 0 0 8280.33 -3198.36
64000 5124.95 0 0 8240.02 -3115.07
66000 5107.31 0 0 8274.39 -3167.08
68000 5093.9 0 0 8286.76 -3192.85
70000 5155.99 0 0 8270.93 -3114.94
72000 5214.25 0 0 8257.81 -3043.56
74000 5236.92 0 0 8307.48 -3070.56
76000 5059.53 0 0 8230.79 -3171.26
78000 5154.82 0 0 8248.99 -3094.17
80000 5157.39 0 0 8274.55 -3117.16
82000 5139.59 0 0 8280.79 -3141.2
84000 5095.18 0 0 8267.4 -3172.22
86000 5199.77 0 0 8230.91 -3031.14
88000 5085.57 0 0 8234.35 -3148.78
90000 5143.32 0 0 8289.28 -3145.96
92000 5134.76 0 0 8235.98 -3101.22
94000 5083.91 0 0 8222.16 -3138.25
96000 5160.56 0 0 8275.36 -3114.8
98000 5171.15 0 0 8236.35 -3065.2
100000 5154.36 0 0 8276.29 -3121.93
102000 5148.1 0 0 8266.15 -3118.05
104000 5126.69 0 0 8213.37 -3086.67
106000 5170.84 0 0 8265.48 -3094.65
108000 5186.59 0 0 8246.81 -3060.22
110000 5195.97 0 0 8254.18 -3058.21
112000 5129.95 0 0 8267.05 -3137.1
114000 5245.16 0 0 8277.55 -3032.39
116000 5239.48 0 0 8300.76 -3061.28
118000 5119.65 0 0 8279.77 -3160.12
120000 5206.53 0 0 8221.62 -3015.09
122000 5176.38 0 0 8234.86 -3058.48
124000 5192.12 0 0 8261.18 -3069.05
126000 5132.99 0 0 8192.89 -3059.9
128000 5184.92 0 0 8238.26 -3053.33
130000 5172.93 0 0 8253.5 -3080.57
132000 5208.37 0 0 8261.02 -3052.65
134000 5240.14 0 0 8302.02 -3061.89
136000 5169.32 0 0 8304.69 -3135.37
138000 5228.34 0 0 8294.49 -3066.15
140000 5241.48 0 0 8241.12 -2999.64
142000 5173.68 0 0 8237.12 -3063.44
144000 5219.25 0 0 8273.69 -3054.44
146000 5192.77 0 0 8264.07 -3071.29
148000 5124.84 0 0 8256.12 -3131.29
150000 5177.23 0 0 8288.85 -3111.62
152000 5249.6 0 0 8294.28 -3044.68
154000 5197.06 0 0 8285.76 -3088.7
156000 5163.53 0 0 8318.16 -3154.63
158000 5203.7 0 0 8275.95 -3072.25
160000 5116.69 0 0 8261.27 -3144.58
162000 5135.96 0 0 8262.06 -3126.11
164000 5121.98 0 0 8275.92 -3153.94
166000 5223.59 0 0 8250.96 -3027.37
168000 5170.07 0 0 8271.72 -3101.65
170000 5144.63 0 0 8259.75 -3115.12
172000 5129.66 0 0 8300.19 -3170.54
174000 5239.48 0 0 8242.03 -3002.55
176000 5111.82 0 0 8295.24 -3183.42
178000 5141.4 0 0 8298.88 -3157.48
180000 5175.37 0 0 8316.96 -3141.59
182000 5203.2 0 0 8319.89 -3116.69
184000 5114.79 0 0 8266.79 -3152
186000 5205.58 0 0 8302.98 -3097.4
188000 5093.59 0 0 8198.14 -3104.54
190000 5218.71 0 0 8262.39 -3043.68
192000 5161.36 0 0 8267.81 -3106.45
194000 5155.01 0 0 8243.05 -3088.04
196000 5123.16 0 0 8280.86 -3157.7
198000 5097.39 0 0 8282.11 -3184.72
200000 5125.94 0 0 8233.79 -3107.85
202000 5146.12 0 0 8264.67 -3118.55
204000 5130.16 0 0 8242.98 -3112.82
206000 5140.53 0 0 8271.91 -3131.38
208000 5157.67 0 0 8304.5 -3146.83
210000 5118.74 0 0 8281.89 -3163.15
212000 5165.65 0 0 8262.13 -3096.48
214000 5130.08 0 0 8256.44 -3126.37
216000 5141.9 0 0 8270.91 -3129.01
218000 5141.68 0 0 8283.75 -3142.08
220000 5197.68 0 0 8283.68 -3086.01
222000 5100.16 0 0 8248.66 -3148.5
224000 5233.42 0 0 8245.42 -3012.01
226000 5181.05 0 0 8272.97 -3091.92
228000 5268.78 0 0 8289.69 -3020.91
230000 5143.01 0 0 8267.07 -3124.06
232000 5075.11 0 0 8267.39 -3192.29
234000 5150.62 0 0 8283.96 -3133.33
236000 5206.21 0 0 8293.22 -3087
238000 5045.9 0 0 8224.46 -3178.56
240000 5066.73 0 0 8235.99 -3169.26
242000 5162.22 0 0 8300.06 -3137.84
244000 5141.12 0 0 8284.63 -3143.51
246000 5059.48 0 0 8268.47 -3208.98
248000 5106.45 0 0 8265.37 -3158.92
250000 5171.36 0 0 8238.54 -3067.18
252000 5155.61 0 0 8267.32 -3111.71
254000 5119.54 0 0 8275.15 -3155.61
256000 5129.03 0 0 8293.74 -3164.71
258000 5132.41 0 0 8279.6 -3147.19
260000 5156.31 0 0 8251.49 -3095.18
262000 5128.72 0 0 8225.71 -3096.99
264000 5152.25 0 0 8260.78 -3108.54
266000 5184.3 0 0 8301.79 -3117.49
268000 5113.06 0 0 8305.03 -3191.97
270000 5148.04 0 0 8300.11 -3152.07
272000 5131.56 0 0 8245.88 -3114.32
274000 5207.47 0 0 8239.42 -3031.95
276000 5187.36 0 0 8293.31 -3105.95
278000 5077.56 0 0 8271.83 -3194.27
280000 5219.8 0 0 8283.19 -3063.39
282000 5215.78 0 0 8264.14 -3048.36
284000 5037.03 0 0 8252.51 -3215.48
286000 5106.47 0 0 8254.38 -3147.91
288000 5209.95 0 0 8290.86 -3080.91
290000 5106.17 0 0 8287.63 -3181.46
292000 5148.58 0 0 8278.28 -3129.69
294000 5197.01 0 0 8261.41 -3064.39
296000 5155.58 0 0 8290.62 -3135.04
298000 5072.03 0 0 8236.01 -3163.98
300000 5220.72 0 0 8287.04 -3066.31
